1, 1.600000e+00, 1.600000e+00, 0.000000e+00
2, 1.800000e+00, 1.600000e+00, 0.000000e+00
3, 2.000000e+00, 1.600000e+00, 0.000000e+00
4, 2.200000e+00, 1.600000e+00, 0.000000e+00
5, 2.400000e+00, 1.600000e+00, 0.000000e+00
6, 2.600000e+00, 1.600000e+00, 0.000000e+00
7, 2.800000e+00, 1.600000e+00, 0.000000e+00
8, 3.000000e+00, 1.600000e+00, 0.000000e+00
9, 3.200000e+00, 1.600000e+00, 0.000000e+00
10, 3.400000e+00, 1.600000e+00, 0.000000e+00
11, 3.600000e+00, 1.600000e+00, 0.000000e+00
12, 1.600000e+00, 1.800000e+00, 0.000000e+00
13, 2.000000e+00, 1.800000e+00, 0.000000e+00
14, 2.400000e+00, 1.800000e+00, 0.000000e+00
15, 2.800000e+00, 1.800000e+00, 0.000000e+00
16, 3.200000e+00, 1.800000e+00, 0.000000e+00
17, 3.600000e+00, 1.800000e+00, 0.000000e+00
18, 1.600000e+00, 2.000000e+00, 0.000000e+00
19, 1.800000e+00, 2.000000e+00, 0.000000e+00
20, 2.000000e+00, 2.000000e+00, 0.000000e+00
21, 2.200000e+00, 2.000000e+00, 0.000000e+00
22, 2.400000e+00, 2.000000e+00, 0.000000e+00
23, 2.600000e+00, 2.000000e+00, 0.000000e+00
24, 2.800000e+00, 2.000000e+00, 0.000000e+00
25, 3.000000e+00, 2.000000e+00, 0.000000e+00
26, 3.200000e+00, 2.000000e+00, 0.000000e+00
27, 3.400000e+00, 2.000000e+00, 0.000000e+00
28, 3.600000e+00, 2.000000e+00, 0.000000e+00
29, 1.600000e+00, 2.200000e+00, 0.000000e+00
30, 2.000000e+00, 2.200000e+00, 0.000000e+00
31, 2.400000e+00, 2.200000e+00, 0.000000e+00
32, 2.800000e+00, 2.200000e+00, 0.000000e+00
33, 3.200000e+00, 2.200000e+00, 0.000000e+00
34, 3.600000e+00, 2.200000e+00, 0.000000e+00
35, 1.600000e+00, 2.400000e+00, 0.000000e+00
36, 1.800000e+00, 2.400000e+00, 0.000000e+00
37, 2.000000e+00, 2.400000e+00, 0.000000e+00
38, 2.200000e+00, 2.400000e+00, 0.000000e+00
39, 2.400000e+00, 2.400000e+00, 0.000000e+00
40, 2.600000e+00, 2.400000e+00, 0.000000e+00
41, 2.800000e+00, 2.400000e+00, 0.000000e+00
42, 3.000000e+00, 2.400000e+00, 0.000000e+00
43, 3.200000e+00, 2.400000e+00, 0.000000e+00
44, 3.400000e+00, 2.400000e+00, 0.000000e+00
45, 3.600000e+00, 2.400000e+00, 0.000000e+00
46, 1.600000e+00, 2.600000e+00, 0.000000e+00
47, 2.000000e+00, 2.600000e+00, 0.000000e+00
48, 2.400000e+00, 2.600000e+00, 0.000000e+00
49, 2.800000e+00, 2.600000e+00, 0.000000e+00
50, 3.200000e+00, 2.600000e+00, 0.000000e+00
51, 3.600000e+00, 2.600000e+00, 0.000000e+00
52, 1.600000e+00, 2.800000e+00, 0.000000e+00
53, 1.800000e+00, 2.800000e+00, 0.000000e+00
54, 2.000000e+00, 2.800000e+00, 0.000000e+00
55, 2.200000e+00, 2.800000e+00, 0.000000e+00
56, 2.400000e+00, 2.800000e+00, 0.000000e+00
57, 2.600000e+00, 2.800000e+00, 0.000000e+00
58, 2.800000e+00, 2.800000e+00, 0.000000e+00
59, 3.000000e+00, 2.800000e+00, 0.000000e+00
60, 3.200000e+00, 2.800000e+00, 0.000000e+00
61, 3.400000e+00, 2.800000e+00, 0.000000e+00
62, 3.600000e+00, 2.800000e+00, 0.000000e+00
63, 1.600000e+00, 3.000000e+00, 0.000000e+00
64, 2.000000e+00, 3.000000e+00, 0.000000e+00
65, 2.400000e+00, 3.000000e+00, 0.000000e+00
66, 2.800000e+00, 3.000000e+00, 0.000000e+00
67, 3.200000e+00, 3.000000e+00, 0.000000e+00
68, 3.600000e+00, 3.000000e+00, 0.000000e+00
69, 1.600000e+00, 3.200000e+00, 0.000000e+00
70, 1.800000e+00, 3.200000e+00, 0.000000e+00
71, 2.000000e+00, 3.200000e+00, 0.000000e+00
72, 2.200000e+00, 3.200000e+00, 0.000000e+00
73, 2.400000e+00, 3.200000e+00, 0.000000e+00
74, 2.600000e+00, 3.200000e+00, 0.000000e+00
75, 2.800000e+00, 3.200000e+00, 0.000000e+00
76, 3.000000e+00, 3.200000e+00, 0.000000e+00
77, 3.200000e+00, 3.200000e+00, 0.000000e+00
78, 3.400000e+00, 3.200000e+00, 0.000000e+00
79, 3.600000e+00, 3.200000e+00, 0.000000e+00
80, 1.600000e+00, 3.400000e+00, 0.000000e+00
81, 2.000000e+00, 3.400000e+00, 0.000000e+00
82, 2.400000e+00, 3.400000e+00, 0.000000e+00
83, 2.800000e+00, 3.400000e+00, 0.000000e+00
84, 3.200000e+00, 3.400000e+00, 0.000000e+00
85, 3.600000e+00, 3.400000e+00, 0.000000e+00
86, 1.600000e+00, 3.600000e+00, 0.000000e+00
87, 1.800000e+00, 3.600000e+00, 0.000000e+00
88, 2.000000e+00, 3.600000e+00, 0.000000e+00
89, 2.200000e+00, 3.600000e+00, 0.000000e+00
90, 2.400000e+00, 3.600000e+00, 0.000000e+00
91, 2.600000e+00, 3.600000e+00, 0.000000e+00
92, 2.800000e+00, 3.600000e+00, 0.000000e+00
93, 3.000000e+00, 3.600000e+00, 0.000000e+00
94, 3.200000e+00, 3.600000e+00, 0.000000e+00
95, 3.400000e+00, 3.600000e+00, 0.000000e+00
96, 3.600000e+00, 3.600000e+00, 0.000000e+00
97, 1.600000e+00, 1.600000e+00, 3.137500e-02
98, 2.000000e+00, 1.600000e+00, 3.137500e-02
99, 2.400000e+00, 1.600000e+00, 3.137500e-02
100, 2.800000e+00, 1.600000e+00, 3.137500e-02
101, 3.200000e+00, 1.600000e+00, 3.137500e-02
102, 3.600000e+00, 1.600000e+00, 3.137500e-02
103, 1.600000e+00, 2.000000e+00, 3.137500e-02
104, 2.000000e+00, 2.000000e+00, 3.137500e-02
105, 2.400000e+00, 2.000000e+00, 3.137500e-02
106, 2.800000e+00, 2.000000e+00, 3.137500e-02
107, 3.200000e+00, 2.000000e+00, 3.137500e-02
108, 3.600000e+00, 2.000000e+00, 3.137500e-02
109, 1.600000e+00, 2.400000e+00, 3.137500e-02
110, 2.000000e+00, 2.400000e+00, 3.137500e-02
111, 2.400000e+00, 2.400000e+00, 3.137500e-02
112, 2.800000e+00, 2.400000e+00, 3.137500e-02
113, 3.200000e+00, 2.400000e+00, 3.137500e-02
114, 3.600000e+00, 2.400000e+00, 3.137500e-02
115, 1.600000e+00, 2.800000e+00, 3.137500e-02
116, 2.000000e+00, 2.800000e+00, 3.137500e-02
117, 2.400000e+00, 2.800000e+00, 3.137500e-02
118, 2.800000e+00, 2.800000e+00, 3.137500e-02
119, 3.200000e+00, 2.800000e+00, 3.137500e-02
120, 3.600000e+00, 2.800000e+00, 3.137500e-02
121, 1.600000e+00, 3.200000e+00, 3.137500e-02
122, 2.000000e+00, 3.200000e+00, 3.137500e-02
123, 2.400000e+00, 3.200000e+00, 3.137500e-02
124, 2.800000e+00, 3.200000e+00, 3.137500e-02
125, 3.200000e+00, 3.200000e+00, 3.137500e-02
126, 3.600000e+00, 3.200000e+00, 3.137500e-02
127, 1.600000e+00, 3.600000e+00, 3.137500e-02
128, 2.000000e+00, 3.600000e+00, 3.137500e-02
129, 2.400000e+00, 3.600000e+00, 3.137500e-02
130, 2.800000e+00, 3.600000e+00, 3.137500e-02
131, 3.200000e+00, 3.600000e+00, 3.137500e-02
132, 3.600000e+00, 3.600000e+00, 3.137500e-02
133, 1.600000e+00, 1.600000e+00, 6.275000e-02
134, 1.800000e+00, 1.600000e+00, 6.275000e-02
135, 2.000000e+00, 1.600000e+00, 6.275000e-02
136, 2.200000e+00, 1.600000e+00, 6.275000e-02
137, 2.400000e+00, 1.600000e+00, 6.275000e-02
138, 2.600000e+00, 1.600000e+00, 6.275000e-02
139, 2.800000e+00, 1.600000e+00, 6.275000e-02
140, 3.000000e+00, 1.600000e+00, 6.275000e-02
141, 3.200000e+00, 1.600000e+00, 6.275000e-02
142, 3.400000e+00, 1.600000e+00, 6.275000e-02
143, 3.600000e+00, 1.600000e+00, 6.275000e-02
144, 1.600000e+00, 1.800000e+00, 6.275000e-02
145, 2.000000e+00, 1.800000e+00, 6.275000e-02
146, 2.400000e+00, 1.800000e+00, 6.275000e-02
147, 2.800000e+00, 1.800000e+00, 6.275000e-02
148, 3.200000e+00, 1.800000e+00, 6.275000e-02
149, 3.600000e+00, 1.800000e+00, 6.275000e-02
150, 1.600000e+00, 2.000000e+00, 6.275000e-02
151, 1.800000e+00, 2.000000e+00, 6.275000e-02
152, 2.000000e+00, 2.000000e+00, 6.275000e-02
153, 2.200000e+00, 2.000000e+00, 6.275000e-02
154, 2.400000e+00, 2.000000e+00, 6.275000e-02
155, 2.600000e+00, 2.000000e+00, 6.275000e-02
156, 2.800000e+00, 2.000000e+00, 6.275000e-02
157, 3.000000e+00, 2.000000e+00, 6.275000e-02
158, 3.200000e+00, 2.000000e+00, 6.275000e-02
159, 3.400000e+00, 2.000000e+00, 6.275000e-02
160, 3.600000e+00, 2.000000e+00, 6.275000e-02
161, 1.600000e+00, 2.200000e+00, 6.275000e-02
162, 2.000000e+00, 2.200000e+00, 6.275000e-02
163, 2.400000e+00, 2.200000e+00, 6.275000e-02
164, 2.800000e+00, 2.200000e+00, 6.275000e-02
165, 3.200000e+00, 2.200000e+00, 6.275000e-02
166, 3.600000e+00, 2.200000e+00, 6.275000e-02
167, 1.600000e+00, 2.400000e+00, 6.275000e-02
168, 1.800000e+00, 2.400000e+00, 6.275000e-02
169, 2.000000e+00, 2.400000e+00, 6.275000e-02
170, 2.200000e+00, 2.400000e+00, 6.275000e-02
171, 2.400000e+00, 2.400000e+00, 6.275000e-02
172, 2.600000e+00, 2.400000e+00, 6.275000e-02
173, 2.800000e+00, 2.400000e+00, 6.275000e-02
174, 3.000000e+00, 2.400000e+00, 6.275000e-02
175, 3.200000e+00, 2.400000e+00, 6.275000e-02
176, 3.400000e+00, 2.400000e+00, 6.275000e-02
177, 3.600000e+00, 2.400000e+00, 6.275000e-02
178, 1.600000e+00, 2.600000e+00, 6.275000e-02
179, 2.000000e+00, 2.600000e+00, 6.275000e-02
180, 2.400000e+00, 2.600000e+00, 6.275000e-02
181, 2.800000e+00, 2.600000e+00, 6.275000e-02
182, 3.200000e+00, 2.600000e+00, 6.275000e-02
183, 3.600000e+00, 2.600000e+00, 6.275000e-02
184, 1.600000e+00, 2.800000e+00, 6.275000e-02
185, 1.800000e+00, 2.800000e+00, 6.275000e-02
186, 2.000000e+00, 2.800000e+00, 6.275000e-02
187, 2.200000e+00, 2.800000e+00, 6.275000e-02
188, 2.400000e+00, 2.800000e+00, 6.275000e-02
189, 2.600000e+00, 2.800000e+00, 6.275000e-02
190, 2.800000e+00, 2.800000e+00, 6.275000e-02
191, 3.000000e+00, 2.800000e+00, 6.275000e-02
192, 3.200000e+00, 2.800000e+00, 6.275000e-02
193, 3.400000e+00, 2.800000e+00, 6.275000e-02
194, 3.600000e+00, 2.800000e+00, 6.275000e-02
195, 1.600000e+00, 3.000000e+00, 6.275000e-02
196, 2.000000e+00, 3.000000e+00, 6.275000e-02
197, 2.400000e+00, 3.000000e+00, 6.275000e-02
198, 2.800000e+00, 3.000000e+00, 6.275000e-02
199, 3.200000e+00, 3.000000e+00, 6.275000e-02
200, 3.600000e+00, 3.000000e+00, 6.275000e-02
201, 1.600000e+00, 3.200000e+00, 6.275000e-02
202, 1.800000e+00, 3.200000e+00, 6.275000e-02
203, 2.000000e+00, 3.200000e+00, 6.275000e-02
204, 2.200000e+00, 3.200000e+00, 6.275000e-02
205, 2.400000e+00, 3.200000e+00, 6.275000e-02
206, 2.600000e+00, 3.200000e+00, 6.275000e-02
207, 2.800000e+00, 3.200000e+00, 6.275000e-02
208, 3.000000e+00, 3.200000e+00, 6.275000e-02
209, 3.200000e+00, 3.200000e+00, 6.275000e-02
210, 3.400000e+00, 3.200000e+00, 6.275000e-02
211, 3.600000e+00, 3.200000e+00, 6.275000e-02
212, 1.600000e+00, 3.400000e+00, 6.275000e-02
213, 2.000000e+00, 3.400000e+00, 6.275000e-02
214, 2.400000e+00, 3.400000e+00, 6.275000e-02
215, 2.800000e+00, 3.400000e+00, 6.275000e-02
216, 3.200000e+00, 3.400000e+00, 6.275000e-02
217, 3.600000e+00, 3.400000e+00, 6.275000e-02
218, 1.600000e+00, 3.600000e+00, 6.275000e-02
219, 1.800000e+00, 3.600000e+00, 6.275000e-02
220, 2.000000e+00, 3.600000e+00, 6.275000e-02
221, 2.200000e+00, 3.600000e+00, 6.275000e-02
222, 2.400000e+00, 3.600000e+00, 6.275000e-02
223, 2.600000e+00, 3.600000e+00, 6.275000e-02
224, 2.800000e+00, 3.600000e+00, 6.275000e-02
225, 3.000000e+00, 3.600000e+00, 6.275000e-02
226, 3.200000e+00, 3.600000e+00, 6.275000e-02
227, 3.400000e+00, 3.600000e+00, 6.275000e-02
228, 3.600000e+00, 3.600000e+00, 6.275000e-02
229, 1.600000e+00, 1.600000e+00, 9.412500e-02
230, 2.000000e+00, 1.600000e+00, 9.412500e-02
231, 2.400000e+00, 1.600000e+00, 9.412500e-02
232, 2.800000e+00, 1.600000e+00, 9.412500e-02
233, 3.200000e+00, 1.600000e+00, 9.412500e-02
234, 3.600000e+00, 1.600000e+00, 9.412500e-02
235, 1.600000e+00, 2.000000e+00, 9.412500e-02
236, 2.000000e+00, 2.000000e+00, 9.412500e-02
237, 2.400000e+00, 2.000000e+00, 9.412500e-02
238, 2.800000e+00, 2.000000e+00, 9.412500e-02
239, 3.200000e+00, 2.000000e+00, 9.412500e-02
240, 3.600000e+00, 2.000000e+00, 9.412500e-02
241, 1.600000e+00, 2.400000e+00, 9.412500e-02
242, 2.000000e+00, 2.400000e+00, 9.412500e-02
243, 2.400000e+00, 2.400000e+00, 9.412500e-02
244, 2.800000e+00, 2.400000e+00, 9.412500e-02
245, 3.200000e+00, 2.400000e+00, 9.412500e-02
246, 3.600000e+00, 2.400000e+00, 9.412500e-02
247, 1.600000e+00, 2.800000e+00, 9.412500e-02
248, 2.000000e+00, 2.800000e+00, 9.412500e-02
249, 2.400000e+00, 2.800000e+00, 9.412500e-02
250, 2.800000e+00, 2.800000e+00, 9.412500e-02
251, 3.200000e+00, 2.800000e+00, 9.412500e-02
252, 3.600000e+00, 2.800000e+00, 9.412500e-02
253, 1.600000e+00, 3.200000e+00, 9.412500e-02
254, 2.000000e+00, 3.200000e+00, 9.412500e-02
255, 2.400000e+00, 3.200000e+00, 9.412500e-02
256, 2.800000e+00, 3.200000e+00, 9.412500e-02
257, 3.200000e+00, 3.200000e+00, 9.412500e-02
258, 3.600000e+00, 3.200000e+00, 9.412500e-02
259, 1.600000e+00, 3.600000e+00, 9.412500e-02
260, 2.000000e+00, 3.600000e+00, 9.412500e-02
261, 2.400000e+00, 3.600000e+00, 9.412500e-02
262, 2.800000e+00, 3.600000e+00, 9.412500e-02
263, 3.200000e+00, 3.600000e+00, 9.412500e-02
264, 3.600000e+00, 3.600000e+00, 9.412500e-02
265, 0.000000e+00, 0.000000e+00, 1.255000e-01
266, 2.000000e-01, 0.000000e+00, 1.255000e-01
267, 4.000000e-01, 0.000000e+00, 1.255000e-01
268, 6.000000e-01, 0.000000e+00, 1.255000e-01
269, 8.000000e-01, 0.000000e+00, 1.255000e-01
270, 1.000000e+00, 0.000000e+00, 1.255000e-01
271, 1.200000e+00, 0.000000e+00, 1.255000e-01
272, 1.400000e+00, 0.000000e+00, 1.255000e-01
273, 1.600000e+00, 0.000000e+00, 1.255000e-01
274, 1.800000e+00, 0.000000e+00, 1.255000e-01
275, 2.000000e+00, 0.000000e+00, 1.255000e-01
276, 2.200000e+00, 0.000000e+00, 1.255000e-01
277, 2.400000e+00, 0.000000e+00, 1.255000e-01
278, 2.600000e+00, 0.000000e+00, 1.255000e-01
279, 2.800000e+00, 0.000000e+00, 1.255000e-01
280, 3.000000e+00, 0.000000e+00, 1.255000e-01
281, 3.200000e+00, 0.000000e+00, 1.255000e-01
282, 3.400000e+00, 0.000000e+00, 1.255000e-01
283, 3.600000e+00, 0.000000e+00, 1.255000e-01
284, 3.800000e+00, 0.000000e+00, 1.255000e-01
285, 4.000000e+00, 0.000000e+00, 1.255000e-01
286, 4.200000e+00, 0.000000e+00, 1.255000e-01
287, 4.400000e+00, 0.000000e+00, 1.255000e-01
288, 4.600000e+00, 0.000000e+00, 1.255000e-01
289, 4.800000e+00, 0.000000e+00, 1.255000e-01
290, 5.000000e+00, 0.000000e+00, 1.255000e-01
291, 5.200000e+00, 0.000000e+00, 1.255000e-01
292, 0.000000e+00, 2.000000e-01, 1.255000e-01
293, 4.000000e-01, 2.000000e-01, 1.255000e-01
294, 8.000000e-01, 2.000000e-01, 1.255000e-01
295, 1.200000e+00, 2.000000e-01, 1.255000e-01
296, 1.600000e+00, 2.000000e-01, 1.255000e-01
297, 2.000000e+00, 2.000000e-01, 1.255000e-01
298, 2.400000e+00, 2.000000e-01, 1.255000e-01
299, 2.800000e+00, 2.000000e-01, 1.255000e-01
300, 3.200000e+00, 2.000000e-01, 1.255000e-01
301, 3.600000e+00, 2.000000e-01, 1.255000e-01
302, 4.000000e+00, 2.000000e-01, 1.255000e-01
303, 4.400000e+00, 2.000000e-01, 1.255000e-01
304, 4.800000e+00, 2.000000e-01, 1.255000e-01
305, 5.200000e+00, 2.000000e-01, 1.255000e-01
306, 0.000000e+00, 4.000000e-01, 1.255000e-01
307, 2.000000e-01, 4.000000e-01, 1.255000e-01
308, 4.000000e-01, 4.000000e-01, 1.255000e-01
309, 6.000000e-01, 4.000000e-01, 1.255000e-01
310, 8.000000e-01, 4.000000e-01, 1.255000e-01
311, 1.000000e+00, 4.000000e-01, 1.255000e-01
312, 1.200000e+00, 4.000000e-01, 1.255000e-01
313, 1.400000e+00, 4.000000e-01, 1.255000e-01
314, 1.600000e+00, 4.000000e-01, 1.255000e-01
315, 1.800000e+00, 4.000000e-01, 1.255000e-01
316, 2.000000e+00, 4.000000e-01, 1.255000e-01
317, 2.200000e+00, 4.000000e-01, 1.255000e-01
318, 2.400000e+00, 4.000000e-01, 1.255000e-01
319, 2.600000e+00, 4.000000e-01, 1.255000e-01
320, 2.800000e+00, 4.000000e-01, 1.255000e-01
321, 3.000000e+00, 4.000000e-01, 1.255000e-01
322, 3.200000e+00, 4.000000e-01, 1.255000e-01
323, 3.400000e+00, 4.000000e-01, 1.255000e-01
324, 3.600000e+00, 4.000000e-01, 1.255000e-01
325, 3.800000e+00, 4.000000e-01, 1.255000e-01
326, 4.000000e+00, 4.000000e-01, 1.255000e-01
327, 4.200000e+00, 4.000000e-01, 1.255000e-01
328, 4.400000e+00, 4.000000e-01, 1.255000e-01
329, 4.600000e+00, 4.000000e-01, 1.255000e-01
330, 4.800000e+00, 4.000000e-01, 1.255000e-01
331, 5.000000e+00, 4.000000e-01, 1.255000e-01
332, 5.200000e+00, 4.000000e-01, 1.255000e-01
333, 0.000000e+00, 6.000000e-01, 1.255000e-01
334, 4.000000e-01, 6.000000e-01, 1.255000e-01
335, 8.000000e-01, 6.000000e-01, 1.255000e-01
336, 1.200000e+00, 6.000000e-01, 1.255000e-01
337, 1.600000e+00, 6.000000e-01, 1.255000e-01
338, 2.000000e+00, 6.000000e-01, 1.255000e-01
339, 2.400000e+00, 6.000000e-01, 1.255000e-01
340, 2.800000e+00, 6.000000e-01, 1.255000e-01
341, 3.200000e+00, 6.000000e-01, 1.255000e-01
342, 3.600000e+00, 6.000000e-01, 1.255000e-01
343, 4.000000e+00, 6.000000e-01, 1.255000e-01
344, 4.400000e+00, 6.000000e-01, 1.255000e-01
345, 4.800000e+00, 6.000000e-01, 1.255000e-01
346, 5.200000e+00, 6.000000e-01, 1.255000e-01
347, 0.000000e+00, 8.000000e-01, 1.255000e-01
348, 2.000000e-01, 8.000000e-01, 1.255000e-01
349, 4.000000e-01, 8.000000e-01, 1.255000e-01
350, 6.000000e-01, 8.000000e-01, 1.255000e-01
351, 8.000000e-01, 8.000000e-01, 1.255000e-01
352, 1.000000e+00, 8.000000e-01, 1.255000e-01
353, 1.200000e+00, 8.000000e-01, 1.255000e-01
354, 1.400000e+00, 8.000000e-01, 1.255000e-01
355, 1.600000e+00, 8.000000e-01, 1.255000e-01
356, 1.800000e+00, 8.000000e-01, 1.255000e-01
357, 2.000000e+00, 8.000000e-01, 1.255000e-01
358, 2.200000e+00, 8.000000e-01, 1.255000e-01
359, 2.400000e+00, 8.000000e-01, 1.255000e-01
360, 2.600000e+00, 8.000000e-01, 1.255000e-01
361, 2.800000e+00, 8.000000e-01, 1.255000e-01
362, 3.000000e+00, 8.000000e-01, 1.255000e-01
363, 3.200000e+00, 8.000000e-01, 1.255000e-01
364, 3.400000e+00, 8.000000e-01, 1.255000e-01
365, 3.600000e+00, 8.000000e-01, 1.255000e-01
366, 3.800000e+00, 8.000000e-01, 1.255000e-01
367, 4.000000e+00, 8.000000e-01, 1.255000e-01
368, 4.200000e+00, 8.000000e-01, 1.255000e-01
369, 4.400000e+00, 8.000000e-01, 1.255000e-01
370, 4.600000e+00, 8.000000e-01, 1.255000e-01
371, 4.800000e+00, 8.000000e-01, 1.255000e-01
372, 5.000000e+00, 8.000000e-01, 1.255000e-01
373, 5.200000e+00, 8.000000e-01, 1.255000e-01
374, 0.000000e+00, 1.000000e+00, 1.255000e-01
375, 4.000000e-01, 1.000000e+00, 1.255000e-01
376, 8.000000e-01, 1.000000e+00, 1.255000e-01
377, 1.200000e+00, 1.000000e+00, 1.255000e-01
378, 1.600000e+00, 1.000000e+00, 1.255000e-01
379, 2.000000e+00, 1.000000e+00, 1.255000e-01
380, 2.400000e+00, 1.000000e+00, 1.255000e-01
381, 2.800000e+00, 1.000000e+00, 1.255000e-01
382, 3.200000e+00, 1.000000e+00, 1.255000e-01
383, 3.600000e+00, 1.000000e+00, 1.255000e-01
384, 4.000000e+00, 1.000000e+00, 1.255000e-01
385, 4.400000e+00, 1.000000e+00, 1.255000e-01
386, 4.800000e+00, 1.000000e+00, 1.255000e-01
387, 5.200000e+00, 1.000000e+00, 1.255000e-01
388, 0.000000e+00, 1.200000e+00, 1.255000e-01
389, 2.000000e-01, 1.200000e+00, 1.255000e-01
390, 4.000000e-01, 1.200000e+00, 1.255000e-01
391, 6.000000e-01, 1.200000e+00, 1.255000e-01
392, 8.000000e-01, 1.200000e+00, 1.255000e-01
393, 1.000000e+00, 1.200000e+00, 1.255000e-01
394, 1.200000e+00, 1.200000e+00, 1.255000e-01
395, 1.400000e+00, 1.200000e+00, 1.255000e-01
396, 1.600000e+00, 1.200000e+00, 1.255000e-01
397, 1.800000e+00, 1.200000e+00, 1.255000e-01
398, 2.000000e+00, 1.200000e+00, 1.255000e-01
399, 2.200000e+00, 1.200000e+00, 1.255000e-01
400, 2.400000e+00, 1.200000e+00, 1.255000e-01
401, 2.600000e+00, 1.200000e+00, 1.255000e-01
402, 2.800000e+00, 1.200000e+00, 1.255000e-01
403, 3.000000e+00, 1.200000e+00, 1.255000e-01
404, 3.200000e+00, 1.200000e+00, 1.255000e-01
405, 3.400000e+00, 1.200000e+00, 1.255000e-01
406, 3.600000e+00, 1.200000e+00, 1.255000e-01
407, 3.800000e+00, 1.200000e+00, 1.255000e-01
408, 4.000000e+00, 1.200000e+00, 1.255000e-01
409, 4.200000e+00, 1.200000e+00, 1.255000e-01
410, 4.400000e+00, 1.200000e+00, 1.255000e-01
411, 4.600000e+00, 1.200000e+00, 1.255000e-01
412, 4.800000e+00, 1.200000e+00, 1.255000e-01
413, 5.000000e+00, 1.200000e+00, 1.255000e-01
414, 5.200000e+00, 1.200000e+00, 1.255000e-01
415, 0.000000e+00, 1.400000e+00, 1.255000e-01
416, 4.000000e-01, 1.400000e+00, 1.255000e-01
417, 8.000000e-01, 1.400000e+00, 1.255000e-01
418, 1.200000e+00, 1.400000e+00, 1.255000e-01
419, 1.600000e+00, 1.400000e+00, 1.255000e-01
420, 2.000000e+00, 1.400000e+00, 1.255000e-01
421, 2.400000e+00, 1.400000e+00, 1.255000e-01
422, 2.800000e+00, 1.400000e+00, 1.255000e-01
423, 3.200000e+00, 1.400000e+00, 1.255000e-01
424, 3.600000e+00, 1.400000e+00, 1.255000e-01
425, 4.000000e+00, 1.400000e+00, 1.255000e-01
426, 4.400000e+00, 1.400000e+00, 1.255000e-01
427, 4.800000e+00, 1.400000e+00, 1.255000e-01
428, 5.200000e+00, 1.400000e+00, 1.255000e-01
429, 0.000000e+00, 1.600000e+00, 1.255000e-01
430, 2.000000e-01, 1.600000e+00, 1.255000e-01
431, 4.000000e-01, 1.600000e+00, 1.255000e-01
432, 6.000000e-01, 1.600000e+00, 1.255000e-01
433, 8.000000e-01, 1.600000e+00, 1.255000e-01
434, 1.000000e+00, 1.600000e+00, 1.255000e-01
435, 1.200000e+00, 1.600000e+00, 1.255000e-01
436, 1.400000e+00, 1.600000e+00, 1.255000e-01
437, 1.600000e+00, 1.600000e+00, 1.255000e-01
438, 1.800000e+00, 1.600000e+00, 1.255000e-01
439, 2.000000e+00, 1.600000e+00, 1.255000e-01
440, 2.200000e+00, 1.600000e+00, 1.255000e-01
441, 2.400000e+00, 1.600000e+00, 1.255000e-01
442, 2.600000e+00, 1.600000e+00, 1.255000e-01
443, 2.800000e+00, 1.600000e+00, 1.255000e-01
444, 3.000000e+00, 1.600000e+00, 1.255000e-01
445, 3.200000e+00, 1.600000e+00, 1.255000e-01
446, 3.400000e+00, 1.600000e+00, 1.255000e-01
447, 3.600000e+00, 1.600000e+00, 1.255000e-01
448, 3.800000e+00, 1.600000e+00, 1.255000e-01
449, 4.000000e+00, 1.600000e+00, 1.255000e-01
450, 4.200000e+00, 1.600000e+00, 1.255000e-01
451, 4.400000e+00, 1.600000e+00, 1.255000e-01
452, 4.600000e+00, 1.600000e+00, 1.255000e-01
453, 4.800000e+00, 1.600000e+00, 1.255000e-01
454, 5.000000e+00, 1.600000e+00, 1.255000e-01
455, 5.200000e+00, 1.600000e+00, 1.255000e-01
456, 0.000000e+00, 1.800000e+00, 1.255000e-01
457, 4.000000e-01, 1.800000e+00, 1.255000e-01
458, 8.000000e-01, 1.800000e+00, 1.255000e-01
459, 1.200000e+00, 1.800000e+00, 1.255000e-01
460, 1.600000e+00, 1.800000e+00, 1.255000e-01
461, 2.000000e+00, 1.800000e+00, 1.255000e-01
462, 2.400000e+00, 1.800000e+00, 1.255000e-01
463, 2.800000e+00, 1.800000e+00, 1.255000e-01
464, 3.200000e+00, 1.800000e+00, 1.255000e-01
465, 3.600000e+00, 1.800000e+00, 1.255000e-01
466, 4.000000e+00, 1.800000e+00, 1.255000e-01
467, 4.400000e+00, 1.800000e+00, 1.255000e-01
468, 4.800000e+00, 1.800000e+00, 1.255000e-01
469, 5.200000e+00, 1.800000e+00, 1.255000e-01
470, 0.000000e+00, 2.000000e+00, 1.255000e-01
471, 2.000000e-01, 2.000000e+00, 1.255000e-01
472, 4.000000e-01, 2.000000e+00, 1.255000e-01
473, 6.000000e-01, 2.000000e+00, 1.255000e-01
474, 8.000000e-01, 2.000000e+00, 1.255000e-01
475, 1.000000e+00, 2.000000e+00, 1.255000e-01
476, 1.200000e+00, 2.000000e+00, 1.255000e-01
477, 1.400000e+00, 2.000000e+00, 1.255000e-01
478, 1.600000e+00, 2.000000e+00, 1.255000e-01
479, 1.800000e+00, 2.000000e+00, 1.255000e-01
480, 2.000000e+00, 2.000000e+00, 1.255000e-01
481, 2.200000e+00, 2.000000e+00, 1.255000e-01
482, 2.400000e+00, 2.000000e+00, 1.255000e-01
483, 2.600000e+00, 2.000000e+00, 1.255000e-01
484, 2.800000e+00, 2.000000e+00, 1.255000e-01
485, 3.000000e+00, 2.000000e+00, 1.255000e-01
486, 3.200000e+00, 2.000000e+00, 1.255000e-01
487, 3.400000e+00, 2.000000e+00, 1.255000e-01
488, 3.600000e+00, 2.000000e+00, 1.255000e-01
489, 3.800000e+00, 2.000000e+00, 1.255000e-01
490, 4.000000e+00, 2.000000e+00, 1.255000e-01
491, 4.200000e+00, 2.000000e+00, 1.255000e-01
492, 4.400000e+00, 2.000000e+00, 1.255000e-01
493, 4.600000e+00, 2.000000e+00, 1.255000e-01
494, 4.800000e+00, 2.000000e+00, 1.255000e-01
495, 5.000000e+00, 2.000000e+00, 1.255000e-01
496, 5.200000e+00, 2.000000e+00, 1.255000e-01
497, 0.000000e+00, 2.200000e+00, 1.255000e-01
498, 4.000000e-01, 2.200000e+00, 1.255000e-01
499, 8.000000e-01, 2.200000e+00, 1.255000e-01
500, 1.200000e+00, 2.200000e+00, 1.255000e-01
501, 1.600000e+00, 2.200000e+00, 1.255000e-01
502, 2.000000e+00, 2.200000e+00, 1.255000e-01
503, 2.400000e+00, 2.200000e+00, 1.255000e-01
504, 2.800000e+00, 2.200000e+00, 1.255000e-01
505, 3.200000e+00, 2.200000e+00, 1.255000e-01
506, 3.600000e+00, 2.200000e+00, 1.255000e-01
507, 4.000000e+00, 2.200000e+00, 1.255000e-01
508, 4.400000e+00, 2.200000e+00, 1.255000e-01
509, 4.800000e+00, 2.200000e+00, 1.255000e-01
510, 5.200000e+00, 2.200000e+00, 1.255000e-01
511, 0.000000e+00, 2.400000e+00, 1.255000e-01
512, 2.000000e-01, 2.400000e+00, 1.255000e-01
513, 4.000000e-01, 2.400000e+00, 1.255000e-01
514, 6.000000e-01, 2.400000e+00, 1.255000e-01
515, 8.000000e-01, 2.400000e+00, 1.255000e-01
516, 1.000000e+00, 2.400000e+00, 1.255000e-01
517, 1.200000e+00, 2.400000e+00, 1.255000e-01
518, 1.400000e+00, 2.400000e+00, 1.255000e-01
519, 1.600000e+00, 2.400000e+00, 1.255000e-01
520, 1.800000e+00, 2.400000e+00, 1.255000e-01
521, 2.000000e+00, 2.400000e+00, 1.255000e-01
522, 2.200000e+00, 2.400000e+00, 1.255000e-01
523, 2.400000e+00, 2.400000e+00, 1.255000e-01
524, 2.600000e+00, 2.400000e+00, 1.255000e-01
525, 2.800000e+00, 2.400000e+00, 1.255000e-01
526, 3.000000e+00, 2.400000e+00, 1.255000e-01
527, 3.200000e+00, 2.400000e+00, 1.255000e-01
528, 3.400000e+00, 2.400000e+00, 1.255000e-01
529, 3.600000e+00, 2.400000e+00, 1.255000e-01
530, 3.800000e+00, 2.400000e+00, 1.255000e-01
531, 4.000000e+00, 2.400000e+00, 1.255000e-01
532, 4.200000e+00, 2.400000e+00, 1.255000e-01
533, 4.400000e+00, 2.400000e+00, 1.255000e-01
534, 4.600000e+00, 2.400000e+00, 1.255000e-01
535, 4.800000e+00, 2.400000e+00, 1.255000e-01
536, 5.000000e+00, 2.400000e+00, 1.255000e-01
537, 5.200000e+00, 2.400000e+00, 1.255000e-01
538, 0.000000e+00, 2.600000e+00, 1.255000e-01
539, 4.000000e-01, 2.600000e+00, 1.255000e-01
540, 8.000000e-01, 2.600000e+00, 1.255000e-01
541, 1.200000e+00, 2.600000e+00, 1.255000e-01
542, 1.600000e+00, 2.600000e+00, 1.255000e-01
543, 2.000000e+00, 2.600000e+00, 1.255000e-01
544, 2.400000e+00, 2.600000e+00, 1.255000e-01
545, 2.800000e+00, 2.600000e+00, 1.255000e-01
546, 3.200000e+00, 2.600000e+00, 1.255000e-01
547, 3.600000e+00, 2.600000e+00, 1.255000e-01
548, 4.000000e+00, 2.600000e+00, 1.255000e-01
549, 4.400000e+00, 2.600000e+00, 1.255000e-01
550, 4.800000e+00, 2.600000e+00, 1.255000e-01
551, 5.200000e+00, 2.600000e+00, 1.255000e-01
552, 0.000000e+00, 2.800000e+00, 1.255000e-01
553, 2.000000e-01, 2.800000e+00, 1.255000e-01
554, 4.000000e-01, 2.800000e+00, 1.255000e-01
555, 6.000000e-01, 2.800000e+00, 1.255000e-01
556, 8.000000e-01, 2.800000e+00, 1.255000e-01
557, 1.000000e+00, 2.800000e+00, 1.255000e-01
558, 1.200000e+00, 2.800000e+00, 1.255000e-01
559, 1.400000e+00, 2.800000e+00, 1.255000e-01
560, 1.600000e+00, 2.800000e+00, 1.255000e-01
561, 1.800000e+00, 2.800000e+00, 1.255000e-01
562, 2.000000e+00, 2.800000e+00, 1.255000e-01
563, 2.200000e+00, 2.800000e+00, 1.255000e-01
564, 2.400000e+00, 2.800000e+00, 1.255000e-01
565, 2.600000e+00, 2.800000e+00, 1.255000e-01
566, 2.800000e+00, 2.800000e+00, 1.255000e-01
567, 3.000000e+00, 2.800000e+00, 1.255000e-01
568, 3.200000e+00, 2.800000e+00, 1.255000e-01
569, 3.400000e+00, 2.800000e+00, 1.255000e-01
570, 3.600000e+00, 2.800000e+00, 1.255000e-01
571, 3.800000e+00, 2.800000e+00, 1.255000e-01
572, 4.000000e+00, 2.800000e+00, 1.255000e-01
573, 4.200000e+00, 2.800000e+00, 1.255000e-01
574, 4.400000e+00, 2.800000e+00, 1.255000e-01
575, 4.600000e+00, 2.800000e+00, 1.255000e-01
576, 4.800000e+00, 2.800000e+00, 1.255000e-01
577, 5.000000e+00, 2.800000e+00, 1.255000e-01
578, 5.200000e+00, 2.800000e+00, 1.255000e-01
579, 0.000000e+00, 3.000000e+00, 1.255000e-01
580, 4.000000e-01, 3.000000e+00, 1.255000e-01
581, 8.000000e-01, 3.000000e+00, 1.255000e-01
582, 1.200000e+00, 3.000000e+00, 1.255000e-01
583, 1.600000e+00, 3.000000e+00, 1.255000e-01
584, 2.000000e+00, 3.000000e+00, 1.255000e-01
585, 2.400000e+00, 3.000000e+00, 1.255000e-01
586, 2.800000e+00, 3.000000e+00, 1.255000e-01
587, 3.200000e+00, 3.000000e+00, 1.255000e-01
588, 3.600000e+00, 3.000000e+00, 1.255000e-01
589, 4.000000e+00, 3.000000e+00, 1.255000e-01
590, 4.400000e+00, 3.000000e+00, 1.255000e-01
591, 4.800000e+00, 3.000000e+00, 1.255000e-01
592, 5.200000e+00, 3.000000e+00, 1.255000e-01
593, 0.000000e+00, 3.200000e+00, 1.255000e-01
594, 2.000000e-01, 3.200000e+00, 1.255000e-01
595, 4.000000e-01, 3.200000e+00, 1.255000e-01
596, 6.000000e-01, 3.200000e+00, 1.255000e-01
597, 8.000000e-01, 3.200000e+00, 1.255000e-01
598, 1.000000e+00, 3.200000e+00, 1.255000e-01
599, 1.200000e+00, 3.200000e+00, 1.255000e-01
600, 1.400000e+00, 3.200000e+00, 1.255000e-01
601, 1.600000e+00, 3.200000e+00, 1.255000e-01
602, 1.800000e+00, 3.200000e+00, 1.255000e-01
603, 2.000000e+00, 3.200000e+00, 1.255000e-01
604, 2.200000e+00, 3.200000e+00, 1.255000e-01
605, 2.400000e+00, 3.200000e+00, 1.255000e-01
606, 2.600000e+00, 3.200000e+00, 1.255000e-01
607, 2.800000e+00, 3.200000e+00, 1.255000e-01
608, 3.000000e+00, 3.200000e+00, 1.255000e-01
609, 3.200000e+00, 3.200000e+00, 1.255000e-01
610, 3.400000e+00, 3.200000e+00, 1.255000e-01
611, 3.600000e+00, 3.200000e+00, 1.255000e-01
612, 3.800000e+00, 3.200000e+00, 1.255000e-01
613, 4.000000e+00, 3.200000e+00, 1.255000e-01
614, 4.200000e+00, 3.200000e+00, 1.255000e-01
615, 4.400000e+00, 3.200000e+00, 1.255000e-01
616, 4.600000e+00, 3.200000e+00, 1.255000e-01
617, 4.800000e+00, 3.200000e+00, 1.255000e-01
618, 5.000000e+00, 3.200000e+00, 1.255000e-01
619, 5.200000e+00, 3.200000e+00, 1.255000e-01
620, 0.000000e+00, 3.400000e+00, 1.255000e-01
621, 4.000000e-01, 3.400000e+00, 1.255000e-01
622, 8.000000e-01, 3.400000e+00, 1.255000e-01
623, 1.200000e+00, 3.400000e+00, 1.255000e-01
624, 1.600000e+00, 3.400000e+00, 1.255000e-01
625, 2.000000e+00, 3.400000e+00, 1.255000e-01
626, 2.400000e+00, 3.400000e+00, 1.255000e-01
627, 2.800000e+00, 3.400000e+00, 1.255000e-01
628, 3.200000e+00, 3.400000e+00, 1.255000e-01
629, 3.600000e+00, 3.400000e+00, 1.255000e-01
630, 4.000000e+00, 3.400000e+00, 1.255000e-01
631, 4.400000e+00, 3.400000e+00, 1.255000e-01
632, 4.800000e+00, 3.400000e+00, 1.255000e-01
633, 5.200000e+00, 3.400000e+00, 1.255000e-01
634, 0.000000e+00, 3.600000e+00, 1.255000e-01
635, 2.000000e-01, 3.600000e+00, 1.255000e-01
636, 4.000000e-01, 3.600000e+00, 1.255000e-01
637, 6.000000e-01, 3.600000e+00, 1.255000e-01
638, 8.000000e-01, 3.600000e+00, 1.255000e-01
639, 1.000000e+00, 3.600000e+00, 1.255000e-01
640, 1.200000e+00, 3.600000e+00, 1.255000e-01
641, 1.400000e+00, 3.600000e+00, 1.255000e-01
642, 1.600000e+00, 3.600000e+00, 1.255000e-01
643, 1.800000e+00, 3.600000e+00, 1.255000e-01
644, 2.000000e+00, 3.600000e+00, 1.255000e-01
645, 2.200000e+00, 3.600000e+00, 1.255000e-01
646, 2.400000e+00, 3.600000e+00, 1.255000e-01
647, 2.600000e+00, 3.600000e+00, 1.255000e-01
648, 2.800000e+00, 3.600000e+00, 1.255000e-01
649, 3.000000e+00, 3.600000e+00, 1.255000e-01
650, 3.200000e+00, 3.600000e+00, 1.255000e-01
651, 3.400000e+00, 3.600000e+00, 1.255000e-01
652, 3.600000e+00, 3.600000e+00, 1.255000e-01
653, 3.800000e+00, 3.600000e+00, 1.255000e-01
654, 4.000000e+00, 3.600000e+00, 1.255000e-01
655, 4.200000e+00, 3.600000e+00, 1.255000e-01
656, 4.400000e+00, 3.600000e+00, 1.255000e-01
657, 4.600000e+00, 3.600000e+00, 1.255000e-01
658, 4.800000e+00, 3.600000e+00, 1.255000e-01
659, 5.000000e+00, 3.600000e+00, 1.255000e-01
660, 5.200000e+00, 3.600000e+00, 1.255000e-01
661, 0.000000e+00, 3.800000e+00, 1.255000e-01
662, 4.000000e-01, 3.800000e+00, 1.255000e-01
663, 8.000000e-01, 3.800000e+00, 1.255000e-01
664, 1.200000e+00, 3.800000e+00, 1.255000e-01
665, 1.600000e+00, 3.800000e+00, 1.255000e-01
666, 2.000000e+00, 3.800000e+00, 1.255000e-01
667, 2.400000e+00, 3.800000e+00, 1.255000e-01
668, 2.800000e+00, 3.800000e+00, 1.255000e-01
669, 3.200000e+00, 3.800000e+00, 1.255000e-01
670, 3.600000e+00, 3.800000e+00, 1.255000e-01
671, 4.000000e+00, 3.800000e+00, 1.255000e-01
672, 4.400000e+00, 3.800000e+00, 1.255000e-01
673, 4.800000e+00, 3.800000e+00, 1.255000e-01
674, 5.200000e+00, 3.800000e+00, 1.255000e-01
675, 0.000000e+00, 4.000000e+00, 1.255000e-01
676, 2.000000e-01, 4.000000e+00, 1.255000e-01
677, 4.000000e-01, 4.000000e+00, 1.255000e-01
678, 6.000000e-01, 4.000000e+00, 1.255000e-01
679, 8.000000e-01, 4.000000e+00, 1.255000e-01
680, 1.000000e+00, 4.000000e+00, 1.255000e-01
681, 1.200000e+00, 4.000000e+00, 1.255000e-01
682, 1.400000e+00, 4.000000e+00, 1.255000e-01
683, 1.600000e+00, 4.000000e+00, 1.255000e-01
684, 1.800000e+00, 4.000000e+00, 1.255000e-01
685, 2.000000e+00, 4.000000e+00, 1.255000e-01
686, 2.200000e+00, 4.000000e+00, 1.255000e-01
687, 2.400000e+00, 4.000000e+00, 1.255000e-01
688, 2.600000e+00, 4.000000e+00, 1.255000e-01
689, 2.800000e+00, 4.000000e+00, 1.255000e-01
690, 3.000000e+00, 4.000000e+00, 1.255000e-01
691, 3.200000e+00, 4.000000e+00, 1.255000e-01
692, 3.400000e+00, 4.000000e+00, 1.255000e-01
693, 3.600000e+00, 4.000000e+00, 1.255000e-01
694, 3.800000e+00, 4.000000e+00, 1.255000e-01
695, 4.000000e+00, 4.000000e+00, 1.255000e-01
696, 4.200000e+00, 4.000000e+00, 1.255000e-01
697, 4.400000e+00, 4.000000e+00, 1.255000e-01
698, 4.600000e+00, 4.000000e+00, 1.255000e-01
699, 4.800000e+00, 4.000000e+00, 1.255000e-01
700, 5.000000e+00, 4.000000e+00, 1.255000e-01
701, 5.200000e+00, 4.000000e+00, 1.255000e-01
702, 0.000000e+00, 4.200000e+00, 1.255000e-01
703, 4.000000e-01, 4.200000e+00, 1.255000e-01
704, 8.000000e-01, 4.200000e+00, 1.255000e-01
705, 1.200000e+00, 4.200000e+00, 1.255000e-01
706, 1.600000e+00, 4.200000e+00, 1.255000e-01
707, 2.000000e+00, 4.200000e+00, 1.255000e-01
708, 2.400000e+00, 4.200000e+00, 1.255000e-01
709, 2.800000e+00, 4.200000e+00, 1.255000e-01
710, 3.200000e+00, 4.200000e+00, 1.255000e-01
711, 3.600000e+00, 4.200000e+00, 1.255000e-01
712, 4.000000e+00, 4.200000e+00, 1.255000e-01
713, 4.400000e+00, 4.200000e+00, 1.255000e-01
714, 4.800000e+00, 4.200000e+00, 1.255000e-01
715, 5.200000e+00, 4.200000e+00, 1.255000e-01
716, 0.000000e+00, 4.400000e+00, 1.255000e-01
717, 2.000000e-01, 4.400000e+00, 1.255000e-01
718, 4.000000e-01, 4.400000e+00, 1.255000e-01
719, 6.000000e-01, 4.400000e+00, 1.255000e-01
720, 8.000000e-01, 4.400000e+00, 1.255000e-01
721, 1.000000e+00, 4.400000e+00, 1.255000e-01
722, 1.200000e+00, 4.400000e+00, 1.255000e-01
723, 1.400000e+00, 4.400000e+00, 1.255000e-01
724, 1.600000e+00, 4.400000e+00, 1.255000e-01
725, 1.800000e+00, 4.400000e+00, 1.255000e-01
726, 2.000000e+00, 4.400000e+00, 1.255000e-01
727, 2.200000e+00, 4.400000e+00, 1.255000e-01
728, 2.400000e+00, 4.400000e+00, 1.255000e-01
729, 2.600000e+00, 4.400000e+00, 1.255000e-01
730, 2.800000e+00, 4.400000e+00, 1.255000e-01
731, 3.000000e+00, 4.400000e+00, 1.255000e-01
732, 3.200000e+00, 4.400000e+00, 1.255000e-01
733, 3.400000e+00, 4.400000e+00, 1.255000e-01
734, 3.600000e+00, 4.400000e+00, 1.255000e-01
735, 3.800000e+00, 4.400000e+00, 1.255000e-01
736, 4.000000e+00, 4.400000e+00, 1.255000e-01
737, 4.200000e+00, 4.400000e+00, 1.255000e-01
738, 4.400000e+00, 4.400000e+00, 1.255000e-01
739, 4.600000e+00, 4.400000e+00, 1.255000e-01
740, 4.800000e+00, 4.400000e+00, 1.255000e-01
741, 5.000000e+00, 4.400000e+00, 1.255000e-01
742, 5.200000e+00, 4.400000e+00, 1.255000e-01
743, 0.000000e+00, 4.600000e+00, 1.255000e-01
744, 4.000000e-01, 4.600000e+00, 1.255000e-01
745, 8.000000e-01, 4.600000e+00, 1.255000e-01
746, 1.200000e+00, 4.600000e+00, 1.255000e-01
747, 1.600000e+00, 4.600000e+00, 1.255000e-01
748, 2.000000e+00, 4.600000e+00, 1.255000e-01
749, 2.400000e+00, 4.600000e+00, 1.255000e-01
750, 2.800000e+00, 4.600000e+00, 1.255000e-01
751, 3.200000e+00, 4.600000e+00, 1.255000e-01
752, 3.600000e+00, 4.600000e+00, 1.255000e-01
753, 4.000000e+00, 4.600000e+00, 1.255000e-01
754, 4.400000e+00, 4.600000e+00, 1.255000e-01
755, 4.800000e+00, 4.600000e+00, 1.255000e-01
756, 5.200000e+00, 4.600000e+00, 1.255000e-01
757, 0.000000e+00, 4.800000e+00, 1.255000e-01
758, 2.000000e-01, 4.800000e+00, 1.255000e-01
759, 4.000000e-01, 4.800000e+00, 1.255000e-01
760, 6.000000e-01, 4.800000e+00, 1.255000e-01
761, 8.000000e-01, 4.800000e+00, 1.255000e-01
762, 1.000000e+00, 4.800000e+00, 1.255000e-01
763, 1.200000e+00, 4.800000e+00, 1.255000e-01
764, 1.400000e+00, 4.800000e+00, 1.255000e-01
765, 1.600000e+00, 4.800000e+00, 1.255000e-01
766, 1.800000e+00, 4.800000e+00, 1.255000e-01
767, 2.000000e+00, 4.800000e+00, 1.255000e-01
768, 2.200000e+00, 4.800000e+00, 1.255000e-01
769, 2.400000e+00, 4.800000e+00, 1.255000e-01
770, 2.600000e+00, 4.800000e+00, 1.255000e-01
771, 2.800000e+00, 4.800000e+00, 1.255000e-01
772, 3.000000e+00, 4.800000e+00, 1.255000e-01
773, 3.200000e+00, 4.800000e+00, 1.255000e-01
774, 3.400000e+00, 4.800000e+00, 1.255000e-01
775, 3.600000e+00, 4.800000e+00, 1.255000e-01
776, 3.800000e+00, 4.800000e+00, 1.255000e-01
777, 4.000000e+00, 4.800000e+00, 1.255000e-01
778, 4.200000e+00, 4.800000e+00, 1.255000e-01
779, 4.400000e+00, 4.800000e+00, 1.255000e-01
780, 4.600000e+00, 4.800000e+00, 1.255000e-01
781, 4.800000e+00, 4.800000e+00, 1.255000e-01
782, 5.000000e+00, 4.800000e+00, 1.255000e-01
783, 5.200000e+00, 4.800000e+00, 1.255000e-01
784, 0.000000e+00, 5.000000e+00, 1.255000e-01
785, 4.000000e-01, 5.000000e+00, 1.255000e-01
786, 8.000000e-01, 5.000000e+00, 1.255000e-01
787, 1.200000e+00, 5.000000e+00, 1.255000e-01
788, 1.600000e+00, 5.000000e+00, 1.255000e-01
789, 2.000000e+00, 5.000000e+00, 1.255000e-01
790, 2.400000e+00, 5.000000e+00, 1.255000e-01
791, 2.800000e+00, 5.000000e+00, 1.255000e-01
792, 3.200000e+00, 5.000000e+00, 1.255000e-01
793, 3.600000e+00, 5.000000e+00, 1.255000e-01
794, 4.000000e+00, 5.000000e+00, 1.255000e-01
795, 4.400000e+00, 5.000000e+00, 1.255000e-01
796, 4.800000e+00, 5.000000e+00, 1.255000e-01
797, 5.200000e+00, 5.000000e+00, 1.255000e-01
798, 0.000000e+00, 5.200000e+00, 1.255000e-01
799, 2.000000e-01, 5.200000e+00, 1.255000e-01
800, 4.000000e-01, 5.200000e+00, 1.255000e-01
801, 6.000000e-01, 5.200000e+00, 1.255000e-01
802, 8.000000e-01, 5.200000e+00, 1.255000e-01
803, 1.000000e+00, 5.200000e+00, 1.255000e-01
804, 1.200000e+00, 5.200000e+00, 1.255000e-01
805, 1.400000e+00, 5.200000e+00, 1.255000e-01
806, 1.600000e+00, 5.200000e+00, 1.255000e-01
807, 1.800000e+00, 5.200000e+00, 1.255000e-01
808, 2.000000e+00, 5.200000e+00, 1.255000e-01
809, 2.200000e+00, 5.200000e+00, 1.255000e-01
810, 2.400000e+00, 5.200000e+00, 1.255000e-01
811, 2.600000e+00, 5.200000e+00, 1.255000e-01
812, 2.800000e+00, 5.200000e+00, 1.255000e-01
813, 3.000000e+00, 5.200000e+00, 1.255000e-01
814, 3.200000e+00, 5.200000e+00, 1.255000e-01
815, 3.400000e+00, 5.200000e+00, 1.255000e-01
816, 3.600000e+00, 5.200000e+00, 1.255000e-01
817, 3.800000e+00, 5.200000e+00, 1.255000e-01
818, 4.000000e+00, 5.200000e+00, 1.255000e-01
819, 4.200000e+00, 5.200000e+00, 1.255000e-01
820, 4.400000e+00, 5.200000e+00, 1.255000e-01
821, 4.600000e+00, 5.200000e+00, 1.255000e-01
822, 4.800000e+00, 5.200000e+00, 1.255000e-01
823, 5.000000e+00, 5.200000e+00, 1.255000e-01
824, 5.200000e+00, 5.200000e+00, 1.255000e-01
825, 0.000000e+00, 0.000000e+00, 1.600000e-01
826, 4.000000e-01, 0.000000e+00, 1.600000e-01
827, 8.000000e-01, 0.000000e+00, 1.600000e-01
828, 1.200000e+00, 0.000000e+00, 1.600000e-01
829, 1.600000e+00, 0.000000e+00, 1.600000e-01
830, 2.000000e+00, 0.000000e+00, 1.600000e-01
831, 2.400000e+00, 0.000000e+00, 1.600000e-01
832, 2.800000e+00, 0.000000e+00, 1.600000e-01
833, 3.200000e+00, 0.000000e+00, 1.600000e-01
834, 3.600000e+00, 0.000000e+00, 1.600000e-01
835, 4.000000e+00, 0.000000e+00, 1.600000e-01
836, 4.400000e+00, 0.000000e+00, 1.600000e-01
837, 4.800000e+00, 0.000000e+00, 1.600000e-01
838, 5.200000e+00, 0.000000e+00, 1.600000e-01
839, 0.000000e+00, 4.000000e-01, 1.600000e-01
840, 4.000000e-01, 4.000000e-01, 1.600000e-01
841, 8.000000e-01, 4.000000e-01, 1.600000e-01
842, 1.200000e+00, 4.000000e-01, 1.600000e-01
843, 1.600000e+00, 4.000000e-01, 1.600000e-01
844, 2.000000e+00, 4.000000e-01, 1.600000e-01
845, 2.400000e+00, 4.000000e-01, 1.600000e-01
846, 2.800000e+00, 4.000000e-01, 1.600000e-01
847, 3.200000e+00, 4.000000e-01, 1.600000e-01
848, 3.600000e+00, 4.000000e-01, 1.600000e-01
849, 4.000000e+00, 4.000000e-01, 1.600000e-01
850, 4.400000e+00, 4.000000e-01, 1.600000e-01
851, 4.800000e+00, 4.000000e-01, 1.600000e-01
852, 5.200000e+00, 4.000000e-01, 1.600000e-01
853, 0.000000e+00, 8.000000e-01, 1.600000e-01
854, 4.000000e-01, 8.000000e-01, 1.600000e-01
855, 8.000000e-01, 8.000000e-01, 1.600000e-01
856, 1.200000e+00, 8.000000e-01, 1.600000e-01
857, 1.600000e+00, 8.000000e-01, 1.600000e-01
858, 2.000000e+00, 8.000000e-01, 1.600000e-01
859, 2.400000e+00, 8.000000e-01, 1.600000e-01
860, 2.800000e+00, 8.000000e-01, 1.600000e-01
861, 3.200000e+00, 8.000000e-01, 1.600000e-01
862, 3.600000e+00, 8.000000e-01, 1.600000e-01
863, 4.000000e+00, 8.000000e-01, 1.600000e-01
864, 4.400000e+00, 8.000000e-01, 1.600000e-01
865, 4.800000e+00, 8.000000e-01, 1.600000e-01
866, 5.200000e+00, 8.000000e-01, 1.600000e-01
867, 0.000000e+00, 1.200000e+00, 1.600000e-01
868, 4.000000e-01, 1.200000e+00, 1.600000e-01
869, 8.000000e-01, 1.200000e+00, 1.600000e-01
870, 1.200000e+00, 1.200000e+00, 1.600000e-01
871, 1.600000e+00, 1.200000e+00, 1.600000e-01
872, 2.000000e+00, 1.200000e+00, 1.600000e-01
873, 2.400000e+00, 1.200000e+00, 1.600000e-01
874, 2.800000e+00, 1.200000e+00, 1.600000e-01
875, 3.200000e+00, 1.200000e+00, 1.600000e-01
876, 3.600000e+00, 1.200000e+00, 1.600000e-01
877, 4.000000e+00, 1.200000e+00, 1.600000e-01
878, 4.400000e+00, 1.200000e+00, 1.600000e-01
879, 4.800000e+00, 1.200000e+00, 1.600000e-01
880, 5.200000e+00, 1.200000e+00, 1.600000e-01
881, 0.000000e+00, 1.600000e+00, 1.600000e-01
882, 4.000000e-01, 1.600000e+00, 1.600000e-01
883, 8.000000e-01, 1.600000e+00, 1.600000e-01
884, 1.200000e+00, 1.600000e+00, 1.600000e-01
885, 1.600000e+00, 1.600000e+00, 1.600000e-01
886, 2.000000e+00, 1.600000e+00, 1.600000e-01
887, 2.400000e+00, 1.600000e+00, 1.600000e-01
888, 2.800000e+00, 1.600000e+00, 1.600000e-01
889, 3.200000e+00, 1.600000e+00, 1.600000e-01
890, 3.600000e+00, 1.600000e+00, 1.600000e-01
891, 4.000000e+00, 1.600000e+00, 1.600000e-01
892, 4.400000e+00, 1.600000e+00, 1.600000e-01
893, 4.800000e+00, 1.600000e+00, 1.600000e-01
894, 5.200000e+00, 1.600000e+00, 1.600000e-01
895, 0.000000e+00, 2.000000e+00, 1.600000e-01
896, 4.000000e-01, 2.000000e+00, 1.600000e-01
897, 8.000000e-01, 2.000000e+00, 1.600000e-01
898, 1.200000e+00, 2.000000e+00, 1.600000e-01
899, 1.600000e+00, 2.000000e+00, 1.600000e-01
900, 2.000000e+00, 2.000000e+00, 1.600000e-01
901, 2.400000e+00, 2.000000e+00, 1.600000e-01
902, 2.800000e+00, 2.000000e+00, 1.600000e-01
903, 3.200000e+00, 2.000000e+00, 1.600000e-01
904, 3.600000e+00, 2.000000e+00, 1.600000e-01
905, 4.000000e+00, 2.000000e+00, 1.600000e-01
906, 4.400000e+00, 2.000000e+00, 1.600000e-01
907, 4.800000e+00, 2.000000e+00, 1.600000e-01
908, 5.200000e+00, 2.000000e+00, 1.600000e-01
909, 0.000000e+00, 2.400000e+00, 1.600000e-01
910, 4.000000e-01, 2.400000e+00, 1.600000e-01
911, 8.000000e-01, 2.400000e+00, 1.600000e-01
912, 1.200000e+00, 2.400000e+00, 1.600000e-01
913, 1.600000e+00, 2.400000e+00, 1.600000e-01
914, 2.000000e+00, 2.400000e+00, 1.600000e-01
915, 2.400000e+00, 2.400000e+00, 1.600000e-01
916, 2.800000e+00, 2.400000e+00, 1.600000e-01
917, 3.200000e+00, 2.400000e+00, 1.600000e-01
918, 3.600000e+00, 2.400000e+00, 1.600000e-01
919, 4.000000e+00, 2.400000e+00, 1.600000e-01
920, 4.400000e+00, 2.400000e+00, 1.600000e-01
921, 4.800000e+00, 2.400000e+00, 1.600000e-01
922, 5.200000e+00, 2.400000e+00, 1.600000e-01
923, 0.000000e+00, 2.800000e+00, 1.600000e-01
924, 4.000000e-01, 2.800000e+00, 1.600000e-01
925, 8.000000e-01, 2.800000e+00, 1.600000e-01
926, 1.200000e+00, 2.800000e+00, 1.600000e-01
927, 1.600000e+00, 2.800000e+00, 1.600000e-01
928, 2.000000e+00, 2.800000e+00, 1.600000e-01
929, 2.400000e+00, 2.800000e+00, 1.600000e-01
930, 2.800000e+00, 2.800000e+00, 1.600000e-01
931, 3.200000e+00, 2.800000e+00, 1.600000e-01
932, 3.600000e+00, 2.800000e+00, 1.600000e-01
933, 4.000000e+00, 2.800000e+00, 1.600000e-01
934, 4.400000e+00, 2.800000e+00, 1.600000e-01
935, 4.800000e+00, 2.800000e+00, 1.600000e-01
936, 5.200000e+00, 2.800000e+00, 1.600000e-01
937, 0.000000e+00, 3.200000e+00, 1.600000e-01
938, 4.000000e-01, 3.200000e+00, 1.600000e-01
939, 8.000000e-01, 3.200000e+00, 1.600000e-01
940, 1.200000e+00, 3.200000e+00, 1.600000e-01
941, 1.600000e+00, 3.200000e+00, 1.600000e-01
942, 2.000000e+00, 3.200000e+00, 1.600000e-01
943, 2.400000e+00, 3.200000e+00, 1.600000e-01
944, 2.800000e+00, 3.200000e+00, 1.600000e-01
945, 3.200000e+00, 3.200000e+00, 1.600000e-01
946, 3.600000e+00, 3.200000e+00, 1.600000e-01
947, 4.000000e+00, 3.200000e+00, 1.600000e-01
948, 4.400000e+00, 3.200000e+00, 1.600000e-01
949, 4.800000e+00, 3.200000e+00, 1.600000e-01
950, 5.200000e+00, 3.200000e+00, 1.600000e-01
951, 0.000000e+00, 3.600000e+00, 1.600000e-01
952, 4.000000e-01, 3.600000e+00, 1.600000e-01
953, 8.000000e-01, 3.600000e+00, 1.600000e-01
954, 1.200000e+00, 3.600000e+00, 1.600000e-01
955, 1.600000e+00, 3.600000e+00, 1.600000e-01
956, 2.000000e+00, 3.600000e+00, 1.600000e-01
957, 2.400000e+00, 3.600000e+00, 1.600000e-01
958, 2.800000e+00, 3.600000e+00, 1.600000e-01
959, 3.200000e+00, 3.600000e+00, 1.600000e-01
960, 3.600000e+00, 3.600000e+00, 1.600000e-01
961, 4.000000e+00, 3.600000e+00, 1.600000e-01
962, 4.400000e+00, 3.600000e+00, 1.600000e-01
963, 4.800000e+00, 3.600000e+00, 1.600000e-01
964, 5.200000e+00, 3.600000e+00, 1.600000e-01
965, 0.000000e+00, 4.000000e+00, 1.600000e-01
966, 4.000000e-01, 4.000000e+00, 1.600000e-01
967, 8.000000e-01, 4.000000e+00, 1.600000e-01
968, 1.200000e+00, 4.000000e+00, 1.600000e-01
969, 1.600000e+00, 4.000000e+00, 1.600000e-01
970, 2.000000e+00, 4.000000e+00, 1.600000e-01
971, 2.400000e+00, 4.000000e+00, 1.600000e-01
972, 2.800000e+00, 4.000000e+00, 1.600000e-01
973, 3.200000e+00, 4.000000e+00, 1.600000e-01
974, 3.600000e+00, 4.000000e+00, 1.600000e-01
975, 4.000000e+00, 4.000000e+00, 1.600000e-01
976, 4.400000e+00, 4.000000e+00, 1.600000e-01
977, 4.800000e+00, 4.000000e+00, 1.600000e-01
978, 5.200000e+00, 4.000000e+00, 1.600000e-01
979, 0.000000e+00, 4.400000e+00, 1.600000e-01
980, 4.000000e-01, 4.400000e+00, 1.600000e-01
981, 8.000000e-01, 4.400000e+00, 1.600000e-01
982, 1.200000e+00, 4.400000e+00, 1.600000e-01
983, 1.600000e+00, 4.400000e+00, 1.600000e-01
984, 2.000000e+00, 4.400000e+00, 1.600000e-01
985, 2.400000e+00, 4.400000e+00, 1.600000e-01
986, 2.800000e+00, 4.400000e+00, 1.600000e-01
987, 3.200000e+00, 4.400000e+00, 1.600000e-01
988, 3.600000e+00, 4.400000e+00, 1.600000e-01
989, 4.000000e+00, 4.400000e+00, 1.600000e-01
990, 4.400000e+00, 4.400000e+00, 1.600000e-01
991, 4.800000e+00, 4.400000e+00, 1.600000e-01
992, 5.200000e+00, 4.400000e+00, 1.600000e-01
993, 0.000000e+00, 4.800000e+00, 1.600000e-01
994, 4.000000e-01, 4.800000e+00, 1.600000e-01
995, 8.000000e-01, 4.800000e+00, 1.600000e-01
996, 1.200000e+00, 4.800000e+00, 1.600000e-01
997, 1.600000e+00, 4.800000e+00, 1.600000e-01
998, 2.000000e+00, 4.800000e+00, 1.600000e-01
999, 2.400000e+00, 4.800000e+00, 1.600000e-01
1000, 2.800000e+00, 4.800000e+00, 1.600000e-01
1001, 3.200000e+00, 4.800000e+00, 1.600000e-01
1002, 3.600000e+00, 4.800000e+00, 1.600000e-01
1003, 4.000000e+00, 4.800000e+00, 1.600000e-01
1004, 4.400000e+00, 4.800000e+00, 1.600000e-01
1005, 4.800000e+00, 4.800000e+00, 1.600000e-01
1006, 5.200000e+00, 4.800000e+00, 1.600000e-01
1007, 0.000000e+00, 5.200000e+00, 1.600000e-01
1008, 4.000000e-01, 5.200000e+00, 1.600000e-01
1009, 8.000000e-01, 5.200000e+00, 1.600000e-01
1010, 1.200000e+00, 5.200000e+00, 1.600000e-01
1011, 1.600000e+00, 5.200000e+00, 1.600000e-01
1012, 2.000000e+00, 5.200000e+00, 1.600000e-01
1013, 2.400000e+00, 5.200000e+00, 1.600000e-01
1014, 2.800000e+00, 5.200000e+00, 1.600000e-01
1015, 3.200000e+00, 5.200000e+00, 1.600000e-01
1016, 3.600000e+00, 5.200000e+00, 1.600000e-01
1017, 4.000000e+00, 5.200000e+00, 1.600000e-01
1018, 4.400000e+00, 5.200000e+00, 1.600000e-01
1019, 4.800000e+00, 5.200000e+00, 1.600000e-01
1020, 5.200000e+00, 5.200000e+00, 1.600000e-01
1021, 0.000000e+00, 0.000000e+00, 1.945000e-01
1022, 2.000000e-01, 0.000000e+00, 1.945000e-01
1023, 4.000000e-01, 0.000000e+00, 1.945000e-01
1024, 6.000000e-01, 0.000000e+00, 1.945000e-01
1025, 8.000000e-01, 0.000000e+00, 1.945000e-01
1026, 1.000000e+00, 0.000000e+00, 1.945000e-01
1027, 1.200000e+00, 0.000000e+00, 1.945000e-01
1028, 1.400000e+00, 0.000000e+00, 1.945000e-01
1029, 1.600000e+00, 0.000000e+00, 1.945000e-01
1030, 1.800000e+00, 0.000000e+00, 1.945000e-01
1031, 2.000000e+00, 0.000000e+00, 1.945000e-01
1032, 2.200000e+00, 0.000000e+00, 1.945000e-01
1033, 2.400000e+00, 0.000000e+00, 1.945000e-01
1034, 2.600000e+00, 0.000000e+00, 1.945000e-01
1035, 2.800000e+00, 0.000000e+00, 1.945000e-01
1036, 3.000000e+00, 0.000000e+00, 1.945000e-01
1037, 3.200000e+00, 0.000000e+00, 1.945000e-01
1038, 3.400000e+00, 0.000000e+00, 1.945000e-01
1039, 3.600000e+00, 0.000000e+00, 1.945000e-01
1040, 3.800000e+00, 0.000000e+00, 1.945000e-01
1041, 4.000000e+00, 0.000000e+00, 1.945000e-01
1042, 4.200000e+00, 0.000000e+00, 1.945000e-01
1043, 4.400000e+00, 0.000000e+00, 1.945000e-01
1044, 4.600000e+00, 0.000000e+00, 1.945000e-01
1045, 4.800000e+00, 0.000000e+00, 1.945000e-01
1046, 5.000000e+00, 0.000000e+00, 1.945000e-01
1047, 5.200000e+00, 0.000000e+00, 1.945000e-01
1048, 0.000000e+00, 2.000000e-01, 1.945000e-01
1049, 4.000000e-01, 2.000000e-01, 1.945000e-01
1050, 8.000000e-01, 2.000000e-01, 1.945000e-01
1051, 1.200000e+00, 2.000000e-01, 1.945000e-01
1052, 1.600000e+00, 2.000000e-01, 1.945000e-01
1053, 2.000000e+00, 2.000000e-01, 1.945000e-01
1054, 2.400000e+00, 2.000000e-01, 1.945000e-01
1055, 2.800000e+00, 2.000000e-01, 1.945000e-01
1056, 3.200000e+00, 2.000000e-01, 1.945000e-01
1057, 3.600000e+00, 2.000000e-01, 1.945000e-01
1058, 4.000000e+00, 2.000000e-01, 1.945000e-01
1059, 4.400000e+00, 2.000000e-01, 1.945000e-01
1060, 4.800000e+00, 2.000000e-01, 1.945000e-01
1061, 5.200000e+00, 2.000000e-01, 1.945000e-01
1062, 0.000000e+00, 4.000000e-01, 1.945000e-01
1063, 2.000000e-01, 4.000000e-01, 1.945000e-01
1064, 4.000000e-01, 4.000000e-01, 1.945000e-01
1065, 6.000000e-01, 4.000000e-01, 1.945000e-01
1066, 8.000000e-01, 4.000000e-01, 1.945000e-01
1067, 1.000000e+00, 4.000000e-01, 1.945000e-01
1068, 1.200000e+00, 4.000000e-01, 1.945000e-01
1069, 1.400000e+00, 4.000000e-01, 1.945000e-01
1070, 1.600000e+00, 4.000000e-01, 1.945000e-01
1071, 1.800000e+00, 4.000000e-01, 1.945000e-01
1072, 2.000000e+00, 4.000000e-01, 1.945000e-01
1073, 2.200000e+00, 4.000000e-01, 1.945000e-01
1074, 2.400000e+00, 4.000000e-01, 1.945000e-01
1075, 2.600000e+00, 4.000000e-01, 1.945000e-01
1076, 2.800000e+00, 4.000000e-01, 1.945000e-01
1077, 3.000000e+00, 4.000000e-01, 1.945000e-01
1078, 3.200000e+00, 4.000000e-01, 1.945000e-01
1079, 3.400000e+00, 4.000000e-01, 1.945000e-01
1080, 3.600000e+00, 4.000000e-01, 1.945000e-01
1081, 3.800000e+00, 4.000000e-01, 1.945000e-01
1082, 4.000000e+00, 4.000000e-01, 1.945000e-01
1083, 4.200000e+00, 4.000000e-01, 1.945000e-01
1084, 4.400000e+00, 4.000000e-01, 1.945000e-01
1085, 4.600000e+00, 4.000000e-01, 1.945000e-01
1086, 4.800000e+00, 4.000000e-01, 1.945000e-01
1087, 5.000000e+00, 4.000000e-01, 1.945000e-01
1088, 5.200000e+00, 4.000000e-01, 1.945000e-01
1089, 0.000000e+00, 6.000000e-01, 1.945000e-01
1090, 4.000000e-01, 6.000000e-01, 1.945000e-01
1091, 8.000000e-01, 6.000000e-01, 1.945000e-01
1092, 1.200000e+00, 6.000000e-01, 1.945000e-01
1093, 1.600000e+00, 6.000000e-01, 1.945000e-01
1094, 2.000000e+00, 6.000000e-01, 1.945000e-01
1095, 2.400000e+00, 6.000000e-01, 1.945000e-01
1096, 2.800000e+00, 6.000000e-01, 1.945000e-01
1097, 3.200000e+00, 6.000000e-01, 1.945000e-01
1098, 3.600000e+00, 6.000000e-01, 1.945000e-01
1099, 4.000000e+00, 6.000000e-01, 1.945000e-01
1100, 4.400000e+00, 6.000000e-01, 1.945000e-01
1101, 4.800000e+00, 6.000000e-01, 1.945000e-01
1102, 5.200000e+00, 6.000000e-01, 1.945000e-01
1103, 0.000000e+00, 8.000000e-01, 1.945000e-01
1104, 2.000000e-01, 8.000000e-01, 1.945000e-01
1105, 4.000000e-01, 8.000000e-01, 1.945000e-01
1106, 6.000000e-01, 8.000000e-01, 1.945000e-01
1107, 8.000000e-01, 8.000000e-01, 1.945000e-01
1108, 1.000000e+00, 8.000000e-01, 1.945000e-01
1109, 1.200000e+00, 8.000000e-01, 1.945000e-01
1110, 1.400000e+00, 8.000000e-01, 1.945000e-01
1111, 1.600000e+00, 8.000000e-01, 1.945000e-01
1112, 1.800000e+00, 8.000000e-01, 1.945000e-01
1113, 2.000000e+00, 8.000000e-01, 1.945000e-01
1114, 2.200000e+00, 8.000000e-01, 1.945000e-01
1115, 2.400000e+00, 8.000000e-01, 1.945000e-01
1116, 2.600000e+00, 8.000000e-01, 1.945000e-01
1117, 2.800000e+00, 8.000000e-01, 1.945000e-01
1118, 3.000000e+00, 8.000000e-01, 1.945000e-01
1119, 3.200000e+00, 8.000000e-01, 1.945000e-01
1120, 3.400000e+00, 8.000000e-01, 1.945000e-01
1121, 3.600000e+00, 8.000000e-01, 1.945000e-01
1122, 3.800000e+00, 8.000000e-01, 1.945000e-01
1123, 4.000000e+00, 8.000000e-01, 1.945000e-01
1124, 4.200000e+00, 8.000000e-01, 1.945000e-01
1125, 4.400000e+00, 8.000000e-01, 1.945000e-01
1126, 4.600000e+00, 8.000000e-01, 1.945000e-01
1127, 4.800000e+00, 8.000000e-01, 1.945000e-01
1128, 5.000000e+00, 8.000000e-01, 1.945000e-01
1129, 5.200000e+00, 8.000000e-01, 1.945000e-01
1130, 0.000000e+00, 1.000000e+00, 1.945000e-01
1131, 4.000000e-01, 1.000000e+00, 1.945000e-01
1132, 8.000000e-01, 1.000000e+00, 1.945000e-01
1133, 1.200000e+00, 1.000000e+00, 1.945000e-01
1134, 1.600000e+00, 1.000000e+00, 1.945000e-01
1135, 2.000000e+00, 1.000000e+00, 1.945000e-01
1136, 2.400000e+00, 1.000000e+00, 1.945000e-01
1137, 2.800000e+00, 1.000000e+00, 1.945000e-01
1138, 3.200000e+00, 1.000000e+00, 1.945000e-01
1139, 3.600000e+00, 1.000000e+00, 1.945000e-01
1140, 4.000000e+00, 1.000000e+00, 1.945000e-01
1141, 4.400000e+00, 1.000000e+00, 1.945000e-01
1142, 4.800000e+00, 1.000000e+00, 1.945000e-01
1143, 5.200000e+00, 1.000000e+00, 1.945000e-01
1144, 0.000000e+00, 1.200000e+00, 1.945000e-01
1145, 2.000000e-01, 1.200000e+00, 1.945000e-01
1146, 4.000000e-01, 1.200000e+00, 1.945000e-01
1147, 6.000000e-01, 1.200000e+00, 1.945000e-01
1148, 8.000000e-01, 1.200000e+00, 1.945000e-01
1149, 1.000000e+00, 1.200000e+00, 1.945000e-01
1150, 1.200000e+00, 1.200000e+00, 1.945000e-01
1151, 1.400000e+00, 1.200000e+00, 1.945000e-01
1152, 1.600000e+00, 1.200000e+00, 1.945000e-01
1153, 1.800000e+00, 1.200000e+00, 1.945000e-01
1154, 2.000000e+00, 1.200000e+00, 1.945000e-01
1155, 2.200000e+00, 1.200000e+00, 1.945000e-01
1156, 2.400000e+00, 1.200000e+00, 1.945000e-01
1157, 2.600000e+00, 1.200000e+00, 1.945000e-01
1158, 2.800000e+00, 1.200000e+00, 1.945000e-01
1159, 3.000000e+00, 1.200000e+00, 1.945000e-01
1160, 3.200000e+00, 1.200000e+00, 1.945000e-01
1161, 3.400000e+00, 1.200000e+00, 1.945000e-01
1162, 3.600000e+00, 1.200000e+00, 1.945000e-01
1163, 3.800000e+00, 1.200000e+00, 1.945000e-01
1164, 4.000000e+00, 1.200000e+00, 1.945000e-01
1165, 4.200000e+00, 1.200000e+00, 1.945000e-01
1166, 4.400000e+00, 1.200000e+00, 1.945000e-01
1167, 4.600000e+00, 1.200000e+00, 1.945000e-01
1168, 4.800000e+00, 1.200000e+00, 1.945000e-01
1169, 5.000000e+00, 1.200000e+00, 1.945000e-01
1170, 5.200000e+00, 1.200000e+00, 1.945000e-01
1171, 0.000000e+00, 1.400000e+00, 1.945000e-01
1172, 4.000000e-01, 1.400000e+00, 1.945000e-01
1173, 8.000000e-01, 1.400000e+00, 1.945000e-01
1174, 1.200000e+00, 1.400000e+00, 1.945000e-01
1175, 1.600000e+00, 1.400000e+00, 1.945000e-01
1176, 2.000000e+00, 1.400000e+00, 1.945000e-01
1177, 2.400000e+00, 1.400000e+00, 1.945000e-01
1178, 2.800000e+00, 1.400000e+00, 1.945000e-01
1179, 3.200000e+00, 1.400000e+00, 1.945000e-01
1180, 3.600000e+00, 1.400000e+00, 1.945000e-01
1181, 4.000000e+00, 1.400000e+00, 1.945000e-01
1182, 4.400000e+00, 1.400000e+00, 1.945000e-01
1183, 4.800000e+00, 1.400000e+00, 1.945000e-01
1184, 5.200000e+00, 1.400000e+00, 1.945000e-01
1185, 0.000000e+00, 1.600000e+00, 1.945000e-01
1186, 2.000000e-01, 1.600000e+00, 1.945000e-01
1187, 4.000000e-01, 1.600000e+00, 1.945000e-01
1188, 6.000000e-01, 1.600000e+00, 1.945000e-01
1189, 8.000000e-01, 1.600000e+00, 1.945000e-01
1190, 1.000000e+00, 1.600000e+00, 1.945000e-01
1191, 1.200000e+00, 1.600000e+00, 1.945000e-01
1192, 1.400000e+00, 1.600000e+00, 1.945000e-01
1193, 1.600000e+00, 1.600000e+00, 1.945000e-01
1194, 1.800000e+00, 1.600000e+00, 1.945000e-01
1195, 2.000000e+00, 1.600000e+00, 1.945000e-01
1196, 2.200000e+00, 1.600000e+00, 1.945000e-01
1197, 2.400000e+00, 1.600000e+00, 1.945000e-01
1198, 2.600000e+00, 1.600000e+00, 1.945000e-01
1199, 2.800000e+00, 1.600000e+00, 1.945000e-01
1200, 3.000000e+00, 1.600000e+00, 1.945000e-01
1201, 3.200000e+00, 1.600000e+00, 1.945000e-01
1202, 3.400000e+00, 1.600000e+00, 1.945000e-01
1203, 3.600000e+00, 1.600000e+00, 1.945000e-01
1204, 3.800000e+00, 1.600000e+00, 1.945000e-01
1205, 4.000000e+00, 1.600000e+00, 1.945000e-01
1206, 4.200000e+00, 1.600000e+00, 1.945000e-01
1207, 4.400000e+00, 1.600000e+00, 1.945000e-01
1208, 4.600000e+00, 1.600000e+00, 1.945000e-01
1209, 4.800000e+00, 1.600000e+00, 1.945000e-01
1210, 5.000000e+00, 1.600000e+00, 1.945000e-01
1211, 5.200000e+00, 1.600000e+00, 1.945000e-01
1212, 0.000000e+00, 1.800000e+00, 1.945000e-01
1213, 4.000000e-01, 1.800000e+00, 1.945000e-01
1214, 8.000000e-01, 1.800000e+00, 1.945000e-01
1215, 1.200000e+00, 1.800000e+00, 1.945000e-01
1216, 1.600000e+00, 1.800000e+00, 1.945000e-01
1217, 2.000000e+00, 1.800000e+00, 1.945000e-01
1218, 2.400000e+00, 1.800000e+00, 1.945000e-01
1219, 2.800000e+00, 1.800000e+00, 1.945000e-01
1220, 3.200000e+00, 1.800000e+00, 1.945000e-01
1221, 3.600000e+00, 1.800000e+00, 1.945000e-01
1222, 4.000000e+00, 1.800000e+00, 1.945000e-01
1223, 4.400000e+00, 1.800000e+00, 1.945000e-01
1224, 4.800000e+00, 1.800000e+00, 1.945000e-01
1225, 5.200000e+00, 1.800000e+00, 1.945000e-01
1226, 0.000000e+00, 2.000000e+00, 1.945000e-01
1227, 2.000000e-01, 2.000000e+00, 1.945000e-01
1228, 4.000000e-01, 2.000000e+00, 1.945000e-01
1229, 6.000000e-01, 2.000000e+00, 1.945000e-01
1230, 8.000000e-01, 2.000000e+00, 1.945000e-01
1231, 1.000000e+00, 2.000000e+00, 1.945000e-01
1232, 1.200000e+00, 2.000000e+00, 1.945000e-01
1233, 1.400000e+00, 2.000000e+00, 1.945000e-01
1234, 1.600000e+00, 2.000000e+00, 1.945000e-01
1235, 1.800000e+00, 2.000000e+00, 1.945000e-01
1236, 2.000000e+00, 2.000000e+00, 1.945000e-01
1237, 2.200000e+00, 2.000000e+00, 1.945000e-01
1238, 2.400000e+00, 2.000000e+00, 1.945000e-01
1239, 2.600000e+00, 2.000000e+00, 1.945000e-01
1240, 2.800000e+00, 2.000000e+00, 1.945000e-01
1241, 3.000000e+00, 2.000000e+00, 1.945000e-01
1242, 3.200000e+00, 2.000000e+00, 1.945000e-01
1243, 3.400000e+00, 2.000000e+00, 1.945000e-01
1244, 3.600000e+00, 2.000000e+00, 1.945000e-01
1245, 3.800000e+00, 2.000000e+00, 1.945000e-01
1246, 4.000000e+00, 2.000000e+00, 1.945000e-01
1247, 4.200000e+00, 2.000000e+00, 1.945000e-01
1248, 4.400000e+00, 2.000000e+00, 1.945000e-01
1249, 4.600000e+00, 2.000000e+00, 1.945000e-01
1250, 4.800000e+00, 2.000000e+00, 1.945000e-01
1251, 5.000000e+00, 2.000000e+00, 1.945000e-01
1252, 5.200000e+00, 2.000000e+00, 1.945000e-01
1253, 0.000000e+00, 2.200000e+00, 1.945000e-01
1254, 4.000000e-01, 2.200000e+00, 1.945000e-01
1255, 8.000000e-01, 2.200000e+00, 1.945000e-01
1256, 1.200000e+00, 2.200000e+00, 1.945000e-01
1257, 1.600000e+00, 2.200000e+00, 1.945000e-01
1258, 2.000000e+00, 2.200000e+00, 1.945000e-01
1259, 2.400000e+00, 2.200000e+00, 1.945000e-01
1260, 2.800000e+00, 2.200000e+00, 1.945000e-01
1261, 3.200000e+00, 2.200000e+00, 1.945000e-01
1262, 3.600000e+00, 2.200000e+00, 1.945000e-01
1263, 4.000000e+00, 2.200000e+00, 1.945000e-01
1264, 4.400000e+00, 2.200000e+00, 1.945000e-01
1265, 4.800000e+00, 2.200000e+00, 1.945000e-01
1266, 5.200000e+00, 2.200000e+00, 1.945000e-01
1267, 0.000000e+00, 2.400000e+00, 1.945000e-01
1268, 2.000000e-01, 2.400000e+00, 1.945000e-01
1269, 4.000000e-01, 2.400000e+00, 1.945000e-01
1270, 6.000000e-01, 2.400000e+00, 1.945000e-01
1271, 8.000000e-01, 2.400000e+00, 1.945000e-01
1272, 1.000000e+00, 2.400000e+00, 1.945000e-01
1273, 1.200000e+00, 2.400000e+00, 1.945000e-01
1274, 1.400000e+00, 2.400000e+00, 1.945000e-01
1275, 1.600000e+00, 2.400000e+00, 1.945000e-01
1276, 1.800000e+00, 2.400000e+00, 1.945000e-01
1277, 2.000000e+00, 2.400000e+00, 1.945000e-01
1278, 2.200000e+00, 2.400000e+00, 1.945000e-01
1279, 2.400000e+00, 2.400000e+00, 1.945000e-01
1280, 2.600000e+00, 2.400000e+00, 1.945000e-01
1281, 2.800000e+00, 2.400000e+00, 1.945000e-01
1282, 3.000000e+00, 2.400000e+00, 1.945000e-01
1283, 3.200000e+00, 2.400000e+00, 1.945000e-01
1284, 3.400000e+00, 2.400000e+00, 1.945000e-01
1285, 3.600000e+00, 2.400000e+00, 1.945000e-01
1286, 3.800000e+00, 2.400000e+00, 1.945000e-01
1287, 4.000000e+00, 2.400000e+00, 1.945000e-01
1288, 4.200000e+00, 2.400000e+00, 1.945000e-01
1289, 4.400000e+00, 2.400000e+00, 1.945000e-01
1290, 4.600000e+00, 2.400000e+00, 1.945000e-01
1291, 4.800000e+00, 2.400000e+00, 1.945000e-01
1292, 5.000000e+00, 2.400000e+00, 1.945000e-01
1293, 5.200000e+00, 2.400000e+00, 1.945000e-01
1294, 0.000000e+00, 2.600000e+00, 1.945000e-01
1295, 4.000000e-01, 2.600000e+00, 1.945000e-01
1296, 8.000000e-01, 2.600000e+00, 1.945000e-01
1297, 1.200000e+00, 2.600000e+00, 1.945000e-01
1298, 1.600000e+00, 2.600000e+00, 1.945000e-01
1299, 2.000000e+00, 2.600000e+00, 1.945000e-01
1300, 2.400000e+00, 2.600000e+00, 1.945000e-01
1301, 2.800000e+00, 2.600000e+00, 1.945000e-01
1302, 3.200000e+00, 2.600000e+00, 1.945000e-01
1303, 3.600000e+00, 2.600000e+00, 1.945000e-01
1304, 4.000000e+00, 2.600000e+00, 1.945000e-01
1305, 4.400000e+00, 2.600000e+00, 1.945000e-01
1306, 4.800000e+00, 2.600000e+00, 1.945000e-01
1307, 5.200000e+00, 2.600000e+00, 1.945000e-01
1308, 0.000000e+00, 2.800000e+00, 1.945000e-01
1309, 2.000000e-01, 2.800000e+00, 1.945000e-01
1310, 4.000000e-01, 2.800000e+00, 1.945000e-01
1311, 6.000000e-01, 2.800000e+00, 1.945000e-01
1312, 8.000000e-01, 2.800000e+00, 1.945000e-01
1313, 1.000000e+00, 2.800000e+00, 1.945000e-01
1314, 1.200000e+00, 2.800000e+00, 1.945000e-01
1315, 1.400000e+00, 2.800000e+00, 1.945000e-01
1316, 1.600000e+00, 2.800000e+00, 1.945000e-01
1317, 1.800000e+00, 2.800000e+00, 1.945000e-01
1318, 2.000000e+00, 2.800000e+00, 1.945000e-01
1319, 2.200000e+00, 2.800000e+00, 1.945000e-01
1320, 2.400000e+00, 2.800000e+00, 1.945000e-01
1321, 2.600000e+00, 2.800000e+00, 1.945000e-01
1322, 2.800000e+00, 2.800000e+00, 1.945000e-01
1323, 3.000000e+00, 2.800000e+00, 1.945000e-01
1324, 3.200000e+00, 2.800000e+00, 1.945000e-01
1325, 3.400000e+00, 2.800000e+00, 1.945000e-01
1326, 3.600000e+00, 2.800000e+00, 1.945000e-01
1327, 3.800000e+00, 2.800000e+00, 1.945000e-01
1328, 4.000000e+00, 2.800000e+00, 1.945000e-01
1329, 4.200000e+00, 2.800000e+00, 1.945000e-01
1330, 4.400000e+00, 2.800000e+00, 1.945000e-01
1331, 4.600000e+00, 2.800000e+00, 1.945000e-01
1332, 4.800000e+00, 2.800000e+00, 1.945000e-01
1333, 5.000000e+00, 2.800000e+00, 1.945000e-01
1334, 5.200000e+00, 2.800000e+00, 1.945000e-01
1335, 0.000000e+00, 3.000000e+00, 1.945000e-01
1336, 4.000000e-01, 3.000000e+00, 1.945000e-01
1337, 8.000000e-01, 3.000000e+00, 1.945000e-01
1338, 1.200000e+00, 3.000000e+00, 1.945000e-01
1339, 1.600000e+00, 3.000000e+00, 1.945000e-01
1340, 2.000000e+00, 3.000000e+00, 1.945000e-01
1341, 2.400000e+00, 3.000000e+00, 1.945000e-01
1342, 2.800000e+00, 3.000000e+00, 1.945000e-01
1343, 3.200000e+00, 3.000000e+00, 1.945000e-01
1344, 3.600000e+00, 3.000000e+00, 1.945000e-01
1345, 4.000000e+00, 3.000000e+00, 1.945000e-01
1346, 4.400000e+00, 3.000000e+00, 1.945000e-01
1347, 4.800000e+00, 3.000000e+00, 1.945000e-01
1348, 5.200000e+00, 3.000000e+00, 1.945000e-01
1349, 0.000000e+00, 3.200000e+00, 1.945000e-01
1350, 2.000000e-01, 3.200000e+00, 1.945000e-01
1351, 4.000000e-01, 3.200000e+00, 1.945000e-01
1352, 6.000000e-01, 3.200000e+00, 1.945000e-01
1353, 8.000000e-01, 3.200000e+00, 1.945000e-01
1354, 1.000000e+00, 3.200000e+00, 1.945000e-01
1355, 1.200000e+00, 3.200000e+00, 1.945000e-01
1356, 1.400000e+00, 3.200000e+00, 1.945000e-01
1357, 1.600000e+00, 3.200000e+00, 1.945000e-01
1358, 1.800000e+00, 3.200000e+00, 1.945000e-01
1359, 2.000000e+00, 3.200000e+00, 1.945000e-01
1360, 2.200000e+00, 3.200000e+00, 1.945000e-01
1361, 2.400000e+00, 3.200000e+00, 1.945000e-01
1362, 2.600000e+00, 3.200000e+00, 1.945000e-01
1363, 2.800000e+00, 3.200000e+00, 1.945000e-01
1364, 3.000000e+00, 3.200000e+00, 1.945000e-01
1365, 3.200000e+00, 3.200000e+00, 1.945000e-01
1366, 3.400000e+00, 3.200000e+00, 1.945000e-01
1367, 3.600000e+00, 3.200000e+00, 1.945000e-01
1368, 3.800000e+00, 3.200000e+00, 1.945000e-01
1369, 4.000000e+00, 3.200000e+00, 1.945000e-01
1370, 4.200000e+00, 3.200000e+00, 1.945000e-01
1371, 4.400000e+00, 3.200000e+00, 1.945000e-01
1372, 4.600000e+00, 3.200000e+00, 1.945000e-01
1373, 4.800000e+00, 3.200000e+00, 1.945000e-01
1374, 5.000000e+00, 3.200000e+00, 1.945000e-01
1375, 5.200000e+00, 3.200000e+00, 1.945000e-01
1376, 0.000000e+00, 3.400000e+00, 1.945000e-01
1377, 4.000000e-01, 3.400000e+00, 1.945000e-01
1378, 8.000000e-01, 3.400000e+00, 1.945000e-01
1379, 1.200000e+00, 3.400000e+00, 1.945000e-01
1380, 1.600000e+00, 3.400000e+00, 1.945000e-01
1381, 2.000000e+00, 3.400000e+00, 1.945000e-01
1382, 2.400000e+00, 3.400000e+00, 1.945000e-01
1383, 2.800000e+00, 3.400000e+00, 1.945000e-01
1384, 3.200000e+00, 3.400000e+00, 1.945000e-01
1385, 3.600000e+00, 3.400000e+00, 1.945000e-01
1386, 4.000000e+00, 3.400000e+00, 1.945000e-01
1387, 4.400000e+00, 3.400000e+00, 1.945000e-01
1388, 4.800000e+00, 3.400000e+00, 1.945000e-01
1389, 5.200000e+00, 3.400000e+00, 1.945000e-01
1390, 0.000000e+00, 3.600000e+00, 1.945000e-01
1391, 2.000000e-01, 3.600000e+00, 1.945000e-01
1392, 4.000000e-01, 3.600000e+00, 1.945000e-01
1393, 6.000000e-01, 3.600000e+00, 1.945000e-01
1394, 8.000000e-01, 3.600000e+00, 1.945000e-01
1395, 1.000000e+00, 3.600000e+00, 1.945000e-01
1396, 1.200000e+00, 3.600000e+00, 1.945000e-01
1397, 1.400000e+00, 3.600000e+00, 1.945000e-01
1398, 1.600000e+00, 3.600000e+00, 1.945000e-01
1399, 1.800000e+00, 3.600000e+00, 1.945000e-01
1400, 2.000000e+00, 3.600000e+00, 1.945000e-01
1401, 2.200000e+00, 3.600000e+00, 1.945000e-01
1402, 2.400000e+00, 3.600000e+00, 1.945000e-01
1403, 2.600000e+00, 3.600000e+00, 1.945000e-01
1404, 2.800000e+00, 3.600000e+00, 1.945000e-01
1405, 3.000000e+00, 3.600000e+00, 1.945000e-01
1406, 3.200000e+00, 3.600000e+00, 1.945000e-01
1407, 3.400000e+00, 3.600000e+00, 1.945000e-01
1408, 3.600000e+00, 3.600000e+00, 1.945000e-01
1409, 3.800000e+00, 3.600000e+00, 1.945000e-01
1410, 4.000000e+00, 3.600000e+00, 1.945000e-01
1411, 4.200000e+00, 3.600000e+00, 1.945000e-01
1412, 4.400000e+00, 3.600000e+00, 1.945000e-01
1413, 4.600000e+00, 3.600000e+00, 1.945000e-01
1414, 4.800000e+00, 3.600000e+00, 1.945000e-01
1415, 5.000000e+00, 3.600000e+00, 1.945000e-01
1416, 5.200000e+00, 3.600000e+00, 1.945000e-01
1417, 0.000000e+00, 3.800000e+00, 1.945000e-01
1418, 4.000000e-01, 3.800000e+00, 1.945000e-01
1419, 8.000000e-01, 3.800000e+00, 1.945000e-01
1420, 1.200000e+00, 3.800000e+00, 1.945000e-01
1421, 1.600000e+00, 3.800000e+00, 1.945000e-01
1422, 2.000000e+00, 3.800000e+00, 1.945000e-01
1423, 2.400000e+00, 3.800000e+00, 1.945000e-01
1424, 2.800000e+00, 3.800000e+00, 1.945000e-01
1425, 3.200000e+00, 3.800000e+00, 1.945000e-01
1426, 3.600000e+00, 3.800000e+00, 1.945000e-01
1427, 4.000000e+00, 3.800000e+00, 1.945000e-01
1428, 4.400000e+00, 3.800000e+00, 1.945000e-01
1429, 4.800000e+00, 3.800000e+00, 1.945000e-01
1430, 5.200000e+00, 3.800000e+00, 1.945000e-01
1431, 0.000000e+00, 4.000000e+00, 1.945000e-01
1432, 2.000000e-01, 4.000000e+00, 1.945000e-01
1433, 4.000000e-01, 4.000000e+00, 1.945000e-01
1434, 6.000000e-01, 4.000000e+00, 1.945000e-01
1435, 8.000000e-01, 4.000000e+00, 1.945000e-01
1436, 1.000000e+00, 4.000000e+00, 1.945000e-01
1437, 1.200000e+00, 4.000000e+00, 1.945000e-01
1438, 1.400000e+00, 4.000000e+00, 1.945000e-01
1439, 1.600000e+00, 4.000000e+00, 1.945000e-01
1440, 1.800000e+00, 4.000000e+00, 1.945000e-01
1441, 2.000000e+00, 4.000000e+00, 1.945000e-01
1442, 2.200000e+00, 4.000000e+00, 1.945000e-01
1443, 2.400000e+00, 4.000000e+00, 1.945000e-01
1444, 2.600000e+00, 4.000000e+00, 1.945000e-01
1445, 2.800000e+00, 4.000000e+00, 1.945000e-01
1446, 3.000000e+00, 4.000000e+00, 1.945000e-01
1447, 3.200000e+00, 4.000000e+00, 1.945000e-01
1448, 3.400000e+00, 4.000000e+00, 1.945000e-01
1449, 3.600000e+00, 4.000000e+00, 1.945000e-01
1450, 3.800000e+00, 4.000000e+00, 1.945000e-01
1451, 4.000000e+00, 4.000000e+00, 1.945000e-01
1452, 4.200000e+00, 4.000000e+00, 1.945000e-01
1453, 4.400000e+00, 4.000000e+00, 1.945000e-01
1454, 4.600000e+00, 4.000000e+00, 1.945000e-01
1455, 4.800000e+00, 4.000000e+00, 1.945000e-01
1456, 5.000000e+00, 4.000000e+00, 1.945000e-01
1457, 5.200000e+00, 4.000000e+00, 1.945000e-01
1458, 0.000000e+00, 4.200000e+00, 1.945000e-01
1459, 4.000000e-01, 4.200000e+00, 1.945000e-01
1460, 8.000000e-01, 4.200000e+00, 1.945000e-01
1461, 1.200000e+00, 4.200000e+00, 1.945000e-01
1462, 1.600000e+00, 4.200000e+00, 1.945000e-01
1463, 2.000000e+00, 4.200000e+00, 1.945000e-01
1464, 2.400000e+00, 4.200000e+00, 1.945000e-01
1465, 2.800000e+00, 4.200000e+00, 1.945000e-01
1466, 3.200000e+00, 4.200000e+00, 1.945000e-01
1467, 3.600000e+00, 4.200000e+00, 1.945000e-01
1468, 4.000000e+00, 4.200000e+00, 1.945000e-01
1469, 4.400000e+00, 4.200000e+00, 1.945000e-01
1470, 4.800000e+00, 4.200000e+00, 1.945000e-01
1471, 5.200000e+00, 4.200000e+00, 1.945000e-01
1472, 0.000000e+00, 4.400000e+00, 1.945000e-01
1473, 2.000000e-01, 4.400000e+00, 1.945000e-01
1474, 4.000000e-01, 4.400000e+00, 1.945000e-01
1475, 6.000000e-01, 4.400000e+00, 1.945000e-01
1476, 8.000000e-01, 4.400000e+00, 1.945000e-01
1477, 1.000000e+00, 4.400000e+00, 1.945000e-01
1478, 1.200000e+00, 4.400000e+00, 1.945000e-01
1479, 1.400000e+00, 4.400000e+00, 1.945000e-01
1480, 1.600000e+00, 4.400000e+00, 1.945000e-01
1481, 1.800000e+00, 4.400000e+00, 1.945000e-01
1482, 2.000000e+00, 4.400000e+00, 1.945000e-01
1483, 2.200000e+00, 4.400000e+00, 1.945000e-01
1484, 2.400000e+00, 4.400000e+00, 1.945000e-01
1485, 2.600000e+00, 4.400000e+00, 1.945000e-01
1486, 2.800000e+00, 4.400000e+00, 1.945000e-01
1487, 3.000000e+00, 4.400000e+00, 1.945000e-01
1488, 3.200000e+00, 4.400000e+00, 1.945000e-01
1489, 3.400000e+00, 4.400000e+00, 1.945000e-01
1490, 3.600000e+00, 4.400000e+00, 1.945000e-01
1491, 3.800000e+00, 4.400000e+00, 1.945000e-01
1492, 4.000000e+00, 4.400000e+00, 1.945000e-01
1493, 4.200000e+00, 4.400000e+00, 1.945000e-01
1494, 4.400000e+00, 4.400000e+00, 1.945000e-01
1495, 4.600000e+00, 4.400000e+00, 1.945000e-01
1496, 4.800000e+00, 4.400000e+00, 1.945000e-01
1497, 5.000000e+00, 4.400000e+00, 1.945000e-01
1498, 5.200000e+00, 4.400000e+00, 1.945000e-01
1499, 0.000000e+00, 4.600000e+00, 1.945000e-01
1500, 4.000000e-01, 4.600000e+00, 1.945000e-01
1501, 8.000000e-01, 4.600000e+00, 1.945000e-01
1502, 1.200000e+00, 4.600000e+00, 1.945000e-01
1503, 1.600000e+00, 4.600000e+00, 1.945000e-01
1504, 2.000000e+00, 4.600000e+00, 1.945000e-01
1505, 2.400000e+00, 4.600000e+00, 1.945000e-01
1506, 2.800000e+00, 4.600000e+00, 1.945000e-01
1507, 3.200000e+00, 4.600000e+00, 1.945000e-01
1508, 3.600000e+00, 4.600000e+00, 1.945000e-01
1509, 4.000000e+00, 4.600000e+00, 1.945000e-01
1510, 4.400000e+00, 4.600000e+00, 1.945000e-01
1511, 4.800000e+00, 4.600000e+00, 1.945000e-01
1512, 5.200000e+00, 4.600000e+00, 1.945000e-01
1513, 0.000000e+00, 4.800000e+00, 1.945000e-01
1514, 2.000000e-01, 4.800000e+00, 1.945000e-01
1515, 4.000000e-01, 4.800000e+00, 1.945000e-01
1516, 6.000000e-01, 4.800000e+00, 1.945000e-01
1517, 8.000000e-01, 4.800000e+00, 1.945000e-01
1518, 1.000000e+00, 4.800000e+00, 1.945000e-01
1519, 1.200000e+00, 4.800000e+00, 1.945000e-01
1520, 1.400000e+00, 4.800000e+00, 1.945000e-01
1521, 1.600000e+00, 4.800000e+00, 1.945000e-01
1522, 1.800000e+00, 4.800000e+00, 1.945000e-01
1523, 2.000000e+00, 4.800000e+00, 1.945000e-01
1524, 2.200000e+00, 4.800000e+00, 1.945000e-01
1525, 2.400000e+00, 4.800000e+00, 1.945000e-01
1526, 2.600000e+00, 4.800000e+00, 1.945000e-01
1527, 2.800000e+00, 4.800000e+00, 1.945000e-01
1528, 3.000000e+00, 4.800000e+00, 1.945000e-01
1529, 3.200000e+00, 4.800000e+00, 1.945000e-01
1530, 3.400000e+00, 4.800000e+00, 1.945000e-01
1531, 3.600000e+00, 4.800000e+00, 1.945000e-01
1532, 3.800000e+00, 4.800000e+00, 1.945000e-01
1533, 4.000000e+00, 4.800000e+00, 1.945000e-01
1534, 4.200000e+00, 4.800000e+00, 1.945000e-01
1535, 4.400000e+00, 4.800000e+00, 1.945000e-01
1536, 4.600000e+00, 4.800000e+00, 1.945000e-01
1537, 4.800000e+00, 4.800000e+00, 1.945000e-01
1538, 5.000000e+00, 4.800000e+00, 1.945000e-01
1539, 5.200000e+00, 4.800000e+00, 1.945000e-01
1540, 0.000000e+00, 5.000000e+00, 1.945000e-01
1541, 4.000000e-01, 5.000000e+00, 1.945000e-01
1542, 8.000000e-01, 5.000000e+00, 1.945000e-01
1543, 1.200000e+00, 5.000000e+00, 1.945000e-01
1544, 1.600000e+00, 5.000000e+00, 1.945000e-01
1545, 2.000000e+00, 5.000000e+00, 1.945000e-01
1546, 2.400000e+00, 5.000000e+00, 1.945000e-01
1547, 2.800000e+00, 5.000000e+00, 1.945000e-01
1548, 3.200000e+00, 5.000000e+00, 1.945000e-01
1549, 3.600000e+00, 5.000000e+00, 1.945000e-01
1550, 4.000000e+00, 5.000000e+00, 1.945000e-01
1551, 4.400000e+00, 5.000000e+00, 1.945000e-01
1552, 4.800000e+00, 5.000000e+00, 1.945000e-01
1553, 5.200000e+00, 5.000000e+00, 1.945000e-01
1554, 0.000000e+00, 5.200000e+00, 1.945000e-01
1555, 2.000000e-01, 5.200000e+00, 1.945000e-01
1556, 4.000000e-01, 5.200000e+00, 1.945000e-01
1557, 6.000000e-01, 5.200000e+00, 1.945000e-01
1558, 8.000000e-01, 5.200000e+00, 1.945000e-01
1559, 1.000000e+00, 5.200000e+00, 1.945000e-01
1560, 1.200000e+00, 5.200000e+00, 1.945000e-01
1561, 1.400000e+00, 5.200000e+00, 1.945000e-01
1562, 1.600000e+00, 5.200000e+00, 1.945000e-01
1563, 1.800000e+00, 5.200000e+00, 1.945000e-01
1564, 2.000000e+00, 5.200000e+00, 1.945000e-01
1565, 2.200000e+00, 5.200000e+00, 1.945000e-01
1566, 2.400000e+00, 5.200000e+00, 1.945000e-01
1567, 2.600000e+00, 5.200000e+00, 1.945000e-01
1568, 2.800000e+00, 5.200000e+00, 1.945000e-01
1569, 3.000000e+00, 5.200000e+00, 1.945000e-01
1570, 3.200000e+00, 5.200000e+00, 1.945000e-01
1571, 3.400000e+00, 5.200000e+00, 1.945000e-01
1572, 3.600000e+00, 5.200000e+00, 1.945000e-01
1573, 3.800000e+00, 5.200000e+00, 1.945000e-01
1574, 4.000000e+00, 5.200000e+00, 1.945000e-01
1575, 4.200000e+00, 5.200000e+00, 1.945000e-01
1576, 4.400000e+00, 5.200000e+00, 1.945000e-01
1577, 4.600000e+00, 5.200000e+00, 1.945000e-01
1578, 4.800000e+00, 5.200000e+00, 1.945000e-01
1579, 5.000000e+00, 5.200000e+00, 1.945000e-01
1580, 5.200000e+00, 5.200000e+00, 1.945000e-01
1581, 1.600000e+00, 1.600000e+00, 2.258750e-01
1582, 2.000000e+00, 1.600000e+00, 2.258750e-01
1583, 2.400000e+00, 1.600000e+00, 2.258750e-01
1584, 2.800000e+00, 1.600000e+00, 2.258750e-01
1585, 3.200000e+00, 1.600000e+00, 2.258750e-01
1586, 3.600000e+00, 1.600000e+00, 2.258750e-01
1587, 1.600000e+00, 2.000000e+00, 2.258750e-01
1588, 2.000000e+00, 2.000000e+00, 2.258750e-01
1589, 2.400000e+00, 2.000000e+00, 2.258750e-01
1590, 2.800000e+00, 2.000000e+00, 2.258750e-01
1591, 3.200000e+00, 2.000000e+00, 2.258750e-01
1592, 3.600000e+00, 2.000000e+00, 2.258750e-01
1593, 1.600000e+00, 2.400000e+00, 2.258750e-01
1594, 2.000000e+00, 2.400000e+00, 2.258750e-01
1595, 2.400000e+00, 2.400000e+00, 2.258750e-01
1596, 2.800000e+00, 2.400000e+00, 2.258750e-01
1597, 3.200000e+00, 2.400000e+00, 2.258750e-01
1598, 3.600000e+00, 2.400000e+00, 2.258750e-01
1599, 1.600000e+00, 2.800000e+00, 2.258750e-01
1600, 2.000000e+00, 2.800000e+00, 2.258750e-01
1601, 2.400000e+00, 2.800000e+00, 2.258750e-01
1602, 2.800000e+00, 2.800000e+00, 2.258750e-01
1603, 3.200000e+00, 2.800000e+00, 2.258750e-01
1604, 3.600000e+00, 2.800000e+00, 2.258750e-01
1605, 1.600000e+00, 3.200000e+00, 2.258750e-01
1606, 2.000000e+00, 3.200000e+00, 2.258750e-01
1607, 2.400000e+00, 3.200000e+00, 2.258750e-01
1608, 2.800000e+00, 3.200000e+00, 2.258750e-01
1609, 3.200000e+00, 3.200000e+00, 2.258750e-01
1610, 3.600000e+00, 3.200000e+00, 2.258750e-01
1611, 1.600000e+00, 3.600000e+00, 2.258750e-01
1612, 2.000000e+00, 3.600000e+00, 2.258750e-01
1613, 2.400000e+00, 3.600000e+00, 2.258750e-01
1614, 2.800000e+00, 3.600000e+00, 2.258750e-01
1615, 3.200000e+00, 3.600000e+00, 2.258750e-01
1616, 3.600000e+00, 3.600000e+00, 2.258750e-01
1617, 1.600000e+00, 1.600000e+00, 2.572500e-01
1618, 1.800000e+00, 1.600000e+00, 2.572500e-01
1619, 2.000000e+00, 1.600000e+00, 2.572500e-01
1620, 2.200000e+00, 1.600000e+00, 2.572500e-01
1621, 2.400000e+00, 1.600000e+00, 2.572500e-01
1622, 2.600000e+00, 1.600000e+00, 2.572500e-01
1623, 2.800000e+00, 1.600000e+00, 2.572500e-01
1624, 3.000000e+00, 1.600000e+00, 2.572500e-01
1625, 3.200000e+00, 1.600000e+00, 2.572500e-01
1626, 3.400000e+00, 1.600000e+00, 2.572500e-01
1627, 3.600000e+00, 1.600000e+00, 2.572500e-01
1628, 1.600000e+00, 1.800000e+00, 2.572500e-01
1629, 2.000000e+00, 1.800000e+00, 2.572500e-01
1630, 2.400000e+00, 1.800000e+00, 2.572500e-01
1631, 2.800000e+00, 1.800000e+00, 2.572500e-01
1632, 3.200000e+00, 1.800000e+00, 2.572500e-01
1633, 3.600000e+00, 1.800000e+00, 2.572500e-01
1634, 1.600000e+00, 2.000000e+00, 2.572500e-01
1635, 1.800000e+00, 2.000000e+00, 2.572500e-01
1636, 2.000000e+00, 2.000000e+00, 2.572500e-01
1637, 2.200000e+00, 2.000000e+00, 2.572500e-01
1638, 2.400000e+00, 2.000000e+00, 2.572500e-01
1639, 2.600000e+00, 2.000000e+00, 2.572500e-01
1640, 2.800000e+00, 2.000000e+00, 2.572500e-01
1641, 3.000000e+00, 2.000000e+00, 2.572500e-01
1642, 3.200000e+00, 2.000000e+00, 2.572500e-01
1643, 3.400000e+00, 2.000000e+00, 2.572500e-01
1644, 3.600000e+00, 2.000000e+00, 2.572500e-01
1645, 1.600000e+00, 2.200000e+00, 2.572500e-01
1646, 2.000000e+00, 2.200000e+00, 2.572500e-01
1647, 2.400000e+00, 2.200000e+00, 2.572500e-01
1648, 2.800000e+00, 2.200000e+00, 2.572500e-01
1649, 3.200000e+00, 2.200000e+00, 2.572500e-01
1650, 3.600000e+00, 2.200000e+00, 2.572500e-01
1651, 1.600000e+00, 2.400000e+00, 2.572500e-01
1652, 1.800000e+00, 2.400000e+00, 2.572500e-01
1653, 2.000000e+00, 2.400000e+00, 2.572500e-01
1654, 2.200000e+00, 2.400000e+00, 2.572500e-01
1655, 2.400000e+00, 2.400000e+00, 2.572500e-01
1656, 2.600000e+00, 2.400000e+00, 2.572500e-01
1657, 2.800000e+00, 2.400000e+00, 2.572500e-01
1658, 3.000000e+00, 2.400000e+00, 2.572500e-01
1659, 3.200000e+00, 2.400000e+00, 2.572500e-01
1660, 3.400000e+00, 2.400000e+00, 2.572500e-01
1661, 3.600000e+00, 2.400000e+00, 2.572500e-01
1662, 1.600000e+00, 2.600000e+00, 2.572500e-01
1663, 2.000000e+00, 2.600000e+00, 2.572500e-01
1664, 2.400000e+00, 2.600000e+00, 2.572500e-01
1665, 2.800000e+00, 2.600000e+00, 2.572500e-01
1666, 3.200000e+00, 2.600000e+00, 2.572500e-01
1667, 3.600000e+00, 2.600000e+00, 2.572500e-01
1668, 1.600000e+00, 2.800000e+00, 2.572500e-01
1669, 1.800000e+00, 2.800000e+00, 2.572500e-01
1670, 2.000000e+00, 2.800000e+00, 2.572500e-01
1671, 2.200000e+00, 2.800000e+00, 2.572500e-01
1672, 2.400000e+00, 2.800000e+00, 2.572500e-01
1673, 2.600000e+00, 2.800000e+00, 2.572500e-01
1674, 2.800000e+00, 2.800000e+00, 2.572500e-01
1675, 3.000000e+00, 2.800000e+00, 2.572500e-01
1676, 3.200000e+00, 2.800000e+00, 2.572500e-01
1677, 3.400000e+00, 2.800000e+00, 2.572500e-01
1678, 3.600000e+00, 2.800000e+00, 2.572500e-01
1679, 1.600000e+00, 3.000000e+00, 2.572500e-01
1680, 2.000000e+00, 3.000000e+00, 2.572500e-01
1681, 2.400000e+00, 3.000000e+00, 2.572500e-01
1682, 2.800000e+00, 3.000000e+00, 2.572500e-01
1683, 3.200000e+00, 3.000000e+00, 2.572500e-01
1684, 3.600000e+00, 3.000000e+00, 2.572500e-01
1685, 1.600000e+00, 3.200000e+00, 2.572500e-01
1686, 1.800000e+00, 3.200000e+00, 2.572500e-01
1687, 2.000000e+00, 3.200000e+00, 2.572500e-01
1688, 2.200000e+00, 3.200000e+00, 2.572500e-01
1689, 2.400000e+00, 3.200000e+00, 2.572500e-01
1690, 2.600000e+00, 3.200000e+00, 2.572500e-01
1691, 2.800000e+00, 3.200000e+00, 2.572500e-01
1692, 3.000000e+00, 3.200000e+00, 2.572500e-01
1693, 3.200000e+00, 3.200000e+00, 2.572500e-01
1694, 3.400000e+00, 3.200000e+00, 2.572500e-01
1695, 3.600000e+00, 3.200000e+00, 2.572500e-01
1696, 1.600000e+00, 3.400000e+00, 2.572500e-01
1697, 2.000000e+00, 3.400000e+00, 2.572500e-01
1698, 2.400000e+00, 3.400000e+00, 2.572500e-01
1699, 2.800000e+00, 3.400000e+00, 2.572500e-01
1700, 3.200000e+00, 3.400000e+00, 2.572500e-01
1701, 3.600000e+00, 3.400000e+00, 2.572500e-01
1702, 1.600000e+00, 3.600000e+00, 2.572500e-01
1703, 1.800000e+00, 3.600000e+00, 2.572500e-01
1704, 2.000000e+00, 3.600000e+00, 2.572500e-01
1705, 2.200000e+00, 3.600000e+00, 2.572500e-01
1706, 2.400000e+00, 3.600000e+00, 2.572500e-01
1707, 2.600000e+00, 3.600000e+00, 2.572500e-01
1708, 2.800000e+00, 3.600000e+00, 2.572500e-01
1709, 3.000000e+00, 3.600000e+00, 2.572500e-01
1710, 3.200000e+00, 3.600000e+00, 2.572500e-01
1711, 3.400000e+00, 3.600000e+00, 2.572500e-01
1712, 3.600000e+00, 3.600000e+00, 2.572500e-01
1713, 1.600000e+00, 1.600000e+00, 2.886250e-01
1714, 2.000000e+00, 1.600000e+00, 2.886250e-01
1715, 2.400000e+00, 1.600000e+00, 2.886250e-01
1716, 2.800000e+00, 1.600000e+00, 2.886250e-01
1717, 3.200000e+00, 1.600000e+00, 2.886250e-01
1718, 3.600000e+00, 1.600000e+00, 2.886250e-01
1719, 1.600000e+00, 2.000000e+00, 2.886250e-01
1720, 2.000000e+00, 2.000000e+00, 2.886250e-01
1721, 2.400000e+00, 2.000000e+00, 2.886250e-01
1722, 2.800000e+00, 2.000000e+00, 2.886250e-01
1723, 3.200000e+00, 2.000000e+00, 2.886250e-01
1724, 3.600000e+00, 2.000000e+00, 2.886250e-01
1725, 1.600000e+00, 2.400000e+00, 2.886250e-01
1726, 2.000000e+00, 2.400000e+00, 2.886250e-01
1727, 2.400000e+00, 2.400000e+00, 2.886250e-01
1728, 2.800000e+00, 2.400000e+00, 2.886250e-01
1729, 3.200000e+00, 2.400000e+00, 2.886250e-01
1730, 3.600000e+00, 2.400000e+00, 2.886250e-01
1731, 1.600000e+00, 2.800000e+00, 2.886250e-01
1732, 2.000000e+00, 2.800000e+00, 2.886250e-01
1733, 2.400000e+00, 2.800000e+00, 2.886250e-01
1734, 2.800000e+00, 2.800000e+00, 2.886250e-01
1735, 3.200000e+00, 2.800000e+00, 2.886250e-01
1736, 3.600000e+00, 2.800000e+00, 2.886250e-01
1737, 1.600000e+00, 3.200000e+00, 2.886250e-01
1738, 2.000000e+00, 3.200000e+00, 2.886250e-01
1739, 2.400000e+00, 3.200000e+00, 2.886250e-01
1740, 2.800000e+00, 3.200000e+00, 2.886250e-01
1741, 3.200000e+00, 3.200000e+00, 2.886250e-01
1742, 3.600000e+00, 3.200000e+00, 2.886250e-01
1743, 1.600000e+00, 3.600000e+00, 2.886250e-01
1744, 2.000000e+00, 3.600000e+00, 2.886250e-01
1745, 2.400000e+00, 3.600000e+00, 2.886250e-01
1746, 2.800000e+00, 3.600000e+00, 2.886250e-01
1747, 3.200000e+00, 3.600000e+00, 2.886250e-01
1748, 3.600000e+00, 3.600000e+00, 2.886250e-01
1749, 1.600000e+00, 1.600000e+00, 3.200000e-01
1750, 1.800000e+00, 1.600000e+00, 3.200000e-01
1751, 2.000000e+00, 1.600000e+00, 3.200000e-01
1752, 2.200000e+00, 1.600000e+00, 3.200000e-01
1753, 2.400000e+00, 1.600000e+00, 3.200000e-01
1754, 2.600000e+00, 1.600000e+00, 3.200000e-01
1755, 2.800000e+00, 1.600000e+00, 3.200000e-01
1756, 3.000000e+00, 1.600000e+00, 3.200000e-01
1757, 3.200000e+00, 1.600000e+00, 3.200000e-01
1758, 3.400000e+00, 1.600000e+00, 3.200000e-01
1759, 3.600000e+00, 1.600000e+00, 3.200000e-01
1760, 1.600000e+00, 1.800000e+00, 3.200000e-01
1761, 2.000000e+00, 1.800000e+00, 3.200000e-01
1762, 2.400000e+00, 1.800000e+00, 3.200000e-01
1763, 2.800000e+00, 1.800000e+00, 3.200000e-01
1764, 3.200000e+00, 1.800000e+00, 3.200000e-01
1765, 3.600000e+00, 1.800000e+00, 3.200000e-01
1766, 1.600000e+00, 2.000000e+00, 3.200000e-01
1767, 1.800000e+00, 2.000000e+00, 3.200000e-01
1768, 2.000000e+00, 2.000000e+00, 3.200000e-01
1769, 2.200000e+00, 2.000000e+00, 3.200000e-01
1770, 2.400000e+00, 2.000000e+00, 3.200000e-01
1771, 2.600000e+00, 2.000000e+00, 3.200000e-01
1772, 2.800000e+00, 2.000000e+00, 3.200000e-01
1773, 3.000000e+00, 2.000000e+00, 3.200000e-01
1774, 3.200000e+00, 2.000000e+00, 3.200000e-01
1775, 3.400000e+00, 2.000000e+00, 3.200000e-01
1776, 3.600000e+00, 2.000000e+00, 3.200000e-01
1777, 1.600000e+00, 2.200000e+00, 3.200000e-01
1778, 2.000000e+00, 2.200000e+00, 3.200000e-01
1779, 2.400000e+00, 2.200000e+00, 3.200000e-01
1780, 2.800000e+00, 2.200000e+00, 3.200000e-01
1781, 3.200000e+00, 2.200000e+00, 3.200000e-01
1782, 3.600000e+00, 2.200000e+00, 3.200000e-01
1783, 1.600000e+00, 2.400000e+00, 3.200000e-01
1784, 1.800000e+00, 2.400000e+00, 3.200000e-01
1785, 2.000000e+00, 2.400000e+00, 3.200000e-01
1786, 2.200000e+00, 2.400000e+00, 3.200000e-01
1787, 2.400000e+00, 2.400000e+00, 3.200000e-01
1788, 2.600000e+00, 2.400000e+00, 3.200000e-01
1789, 2.800000e+00, 2.400000e+00, 3.200000e-01
1790, 3.000000e+00, 2.400000e+00, 3.200000e-01
1791, 3.200000e+00, 2.400000e+00, 3.200000e-01
1792, 3.400000e+00, 2.400000e+00, 3.200000e-01
1793, 3.600000e+00, 2.400000e+00, 3.200000e-01
1794, 1.600000e+00, 2.600000e+00, 3.200000e-01
1795, 2.000000e+00, 2.600000e+00, 3.200000e-01
1796, 2.400000e+00, 2.600000e+00, 3.200000e-01
1797, 2.800000e+00, 2.600000e+00, 3.200000e-01
1798, 3.200000e+00, 2.600000e+00, 3.200000e-01
1799, 3.600000e+00, 2.600000e+00, 3.200000e-01
1800, 1.600000e+00, 2.800000e+00, 3.200000e-01
1801, 1.800000e+00, 2.800000e+00, 3.200000e-01
1802, 2.000000e+00, 2.800000e+00, 3.200000e-01
1803, 2.200000e+00, 2.800000e+00, 3.200000e-01
1804, 2.400000e+00, 2.800000e+00, 3.200000e-01
1805, 2.600000e+00, 2.800000e+00, 3.200000e-01
1806, 2.800000e+00, 2.800000e+00, 3.200000e-01
1807, 3.000000e+00, 2.800000e+00, 3.200000e-01
1808, 3.200000e+00, 2.800000e+00, 3.200000e-01
1809, 3.400000e+00, 2.800000e+00, 3.200000e-01
1810, 3.600000e+00, 2.800000e+00, 3.200000e-01
1811, 1.600000e+00, 3.000000e+00, 3.200000e-01
1812, 2.000000e+00, 3.000000e+00, 3.200000e-01
1813, 2.400000e+00, 3.000000e+00, 3.200000e-01
1814, 2.800000e+00, 3.000000e+00, 3.200000e-01
1815, 3.200000e+00, 3.000000e+00, 3.200000e-01
1816, 3.600000e+00, 3.000000e+00, 3.200000e-01
1817, 1.600000e+00, 3.200000e+00, 3.200000e-01
1818, 1.800000e+00, 3.200000e+00, 3.200000e-01
1819, 2.000000e+00, 3.200000e+00, 3.200000e-01
1820, 2.200000e+00, 3.200000e+00, 3.200000e-01
1821, 2.400000e+00, 3.200000e+00, 3.200000e-01
1822, 2.600000e+00, 3.200000e+00, 3.200000e-01
1823, 2.800000e+00, 3.200000e+00, 3.200000e-01
1824, 3.000000e+00, 3.200000e+00, 3.200000e-01
1825, 3.200000e+00, 3.200000e+00, 3.200000e-01
1826, 3.400000e+00, 3.200000e+00, 3.200000e-01
1827, 3.600000e+00, 3.200000e+00, 3.200000e-01
1828, 1.600000e+00, 3.400000e+00, 3.200000e-01
1829, 2.000000e+00, 3.400000e+00, 3.200000e-01
1830, 2.400000e+00, 3.400000e+00, 3.200000e-01
1831, 2.800000e+00, 3.400000e+00, 3.200000e-01
1832, 3.200000e+00, 3.400000e+00, 3.200000e-01
1833, 3.600000e+00, 3.400000e+00, 3.200000e-01
1834, 1.600000e+00, 3.600000e+00, 3.200000e-01
1835, 1.800000e+00, 3.600000e+00, 3.200000e-01
1836, 2.000000e+00, 3.600000e+00, 3.200000e-01
1837, 2.200000e+00, 3.600000e+00, 3.200000e-01
1838, 2.400000e+00, 3.600000e+00, 3.200000e-01
1839, 2.600000e+00, 3.600000e+00, 3.200000e-01
1840, 2.800000e+00, 3.600000e+00, 3.200000e-01
1841, 3.000000e+00, 3.600000e+00, 3.200000e-01
1842, 3.200000e+00, 3.600000e+00, 3.200000e-01
1843, 3.400000e+00, 3.600000e+00, 3.200000e-01
1844, 3.600000e+00, 3.600000e+00, 3.200000e-01
