1, 265, 267, 308, 306, 1021, 1023, 1064, 1062, 266, 293, 307, 292, 1022, 1049, 1063, 1048, 825, 826, 840, 839
2, 306, 308, 349, 347, 1062, 1064, 1105, 1103, 307, 334, 348, 333, 1063, 1090, 1104, 1089, 839, 840, 854, 853
3, 347, 349, 390, 388, 1103, 1105, 1146, 1144, 348, 375, 389, 374, 1104, 1131, 1145, 1130, 853, 854, 868, 867
4, 388, 390, 431, 429, 1144, 1146, 1187, 1185, 389, 416, 430, 415, 1145, 1172, 1186, 1171, 867, 868, 882, 881
5, 429, 431, 472, 470, 1185, 1187, 1228, 1226, 430, 457, 471, 456, 1186, 1213, 1227, 1212, 881, 882, 896, 895
6, 470, 472, 513, 511, 1226, 1228, 1269, 1267, 471, 498, 512, 497, 1227, 1254, 1268, 1253, 895, 896, 910, 909
7, 511, 513, 554, 552, 1267, 1269, 1310, 1308, 512, 539, 553, 538, 1268, 1295, 1309, 1294, 909, 910, 924, 923
8, 552, 554, 595, 593, 1308, 1310, 1351, 1349, 553, 580, 594, 579, 1309, 1336, 1350, 1335, 923, 924, 938, 937
9, 593, 595, 636, 634, 1349, 1351, 1392, 1390, 594, 621, 635, 620, 1350, 1377, 1391, 1376, 937, 938, 952, 951
10, 634, 636, 677, 675, 1390, 1392, 1433, 1431, 635, 662, 676, 661, 1391, 1418, 1432, 1417, 951, 952, 966, 965
11, 675, 677, 718, 716, 1431, 1433, 1474, 1472, 676, 703, 717, 702, 1432, 1459, 1473, 1458, 965, 966, 980, 979
12, 716, 718, 759, 757, 1472, 1474, 1515, 1513, 717, 744, 758, 743, 1473, 1500, 1514, 1499, 979, 980, 994, 993
13, 757, 759, 800, 798, 1513, 1515, 1556, 1554, 758, 785, 799, 784, 1514, 1541, 1555, 1540, 993, 994, 1008, 1007
14, 267, 269, 310, 308, 1023, 1025, 1066, 1064, 268, 294, 309, 293, 1024, 1050, 1065, 1049, 826, 827, 841, 840
15, 308, 310, 351, 349, 1064, 1066, 1107, 1105, 309, 335, 350, 334, 1065, 1091, 1106, 1090, 840, 841, 855, 854
16, 349, 351, 392, 390, 1105, 1107, 1148, 1146, 350, 376, 391, 375, 1106, 1132, 1147, 1131, 854, 855, 869, 868
17, 390, 392, 433, 431, 1146, 1148, 1189, 1187, 391, 417, 432, 416, 1147, 1173, 1188, 1172, 868, 869, 883, 882
18, 431, 433, 474, 472, 1187, 1189, 1230, 1228, 432, 458, 473, 457, 1188, 1214, 1229, 1213, 882, 883, 897, 896
19, 472, 474, 515, 513, 1228, 1230, 1271, 1269, 473, 499, 514, 498, 1229, 1255, 1270, 1254, 896, 897, 911, 910
20, 513, 515, 556, 554, 1269, 1271, 1312, 1310, 514, 540, 555, 539, 1270, 1296, 1311, 1295, 910, 911, 925, 924
21, 554, 556, 597, 595, 1310, 1312, 1353, 1351, 555, 581, 596, 580, 1311, 1337, 1352, 1336, 924, 925, 939, 938
22, 595, 597, 638, 636, 1351, 1353, 1394, 1392, 596, 622, 637, 621, 1352, 1378, 1393, 1377, 938, 939, 953, 952
23, 636, 638, 679, 677, 1392, 1394, 1435, 1433, 637, 663, 678, 662, 1393, 1419, 1434, 1418, 952, 953, 967, 966
24, 677, 679, 720, 718, 1433, 1435, 1476, 1474, 678, 704, 719, 703, 1434, 1460, 1475, 1459, 966, 967, 981, 980
25, 718, 720, 761, 759, 1474, 1476, 1517, 1515, 719, 745, 760, 744, 1475, 1501, 1516, 1500, 980, 981, 995, 994
26, 759, 761, 802, 800, 1515, 1517, 1558, 1556, 760, 786, 801, 785, 1516, 1542, 1557, 1541, 994, 995, 1009, 1008
27, 269, 271, 312, 310, 1025, 1027, 1068, 1066, 270, 295, 311, 294, 1026, 1051, 1067, 1050, 827, 828, 842, 841
28, 310, 312, 353, 351, 1066, 1068, 1109, 1107, 311, 336, 352, 335, 1067, 1092, 1108, 1091, 841, 842, 856, 855
29, 351, 353, 394, 392, 1107, 1109, 1150, 1148, 352, 377, 393, 376, 1108, 1133, 1149, 1132, 855, 856, 870, 869
30, 392, 394, 435, 433, 1148, 1150, 1191, 1189, 393, 418, 434, 417, 1149, 1174, 1190, 1173, 869, 870, 884, 883
31, 433, 435, 476, 474, 1189, 1191, 1232, 1230, 434, 459, 475, 458, 1190, 1215, 1231, 1214, 883, 884, 898, 897
32, 474, 476, 517, 515, 1230, 1232, 1273, 1271, 475, 500, 516, 499, 1231, 1256, 1272, 1255, 897, 898, 912, 911
33, 515, 517, 558, 556, 1271, 1273, 1314, 1312, 516, 541, 557, 540, 1272, 1297, 1313, 1296, 911, 912, 926, 925
34, 556, 558, 599, 597, 1312, 1314, 1355, 1353, 557, 582, 598, 581, 1313, 1338, 1354, 1337, 925, 926, 940, 939
35, 597, 599, 640, 638, 1353, 1355, 1396, 1394, 598, 623, 639, 622, 1354, 1379, 1395, 1378, 939, 940, 954, 953
36, 638, 640, 681, 679, 1394, 1396, 1437, 1435, 639, 664, 680, 663, 1395, 1420, 1436, 1419, 953, 954, 968, 967
37, 679, 681, 722, 720, 1435, 1437, 1478, 1476, 680, 705, 721, 704, 1436, 1461, 1477, 1460, 967, 968, 982, 981
38, 720, 722, 763, 761, 1476, 1478, 1519, 1517, 721, 746, 762, 745, 1477, 1502, 1518, 1501, 981, 982, 996, 995
39, 761, 763, 804, 802, 1517, 1519, 1560, 1558, 762, 787, 803, 786, 1518, 1543, 1559, 1542, 995, 996, 1010, 1009
40, 271, 273, 314, 312, 1027, 1029, 1070, 1068, 272, 296, 313, 295, 1028, 1052, 1069, 1051, 828, 829, 843, 842
41, 312, 314, 355, 353, 1068, 1070, 1111, 1109, 313, 337, 354, 336, 1069, 1093, 1110, 1092, 842, 843, 857, 856
42, 353, 355, 396, 394, 1109, 1111, 1152, 1150, 354, 378, 395, 377, 1110, 1134, 1151, 1133, 856, 857, 871, 870
43, 394, 396, 437, 435, 1150, 1152, 1193, 1191, 395, 419, 436, 418, 1151, 1175, 1192, 1174, 870, 871, 885, 884
44, 435, 437, 478, 476, 1191, 1193, 1234, 1232, 436, 460, 477, 459, 1192, 1216, 1233, 1215, 884, 885, 899, 898
45, 476, 478, 519, 517, 1232, 1234, 1275, 1273, 477, 501, 518, 500, 1233, 1257, 1274, 1256, 898, 899, 913, 912
46, 517, 519, 560, 558, 1273, 1275, 1316, 1314, 518, 542, 559, 541, 1274, 1298, 1315, 1297, 912, 913, 927, 926
47, 558, 560, 601, 599, 1314, 1316, 1357, 1355, 559, 583, 600, 582, 1315, 1339, 1356, 1338, 926, 927, 941, 940
48, 599, 601, 642, 640, 1355, 1357, 1398, 1396, 600, 624, 641, 623, 1356, 1380, 1397, 1379, 940, 941, 955, 954
49, 640, 642, 683, 681, 1396, 1398, 1439, 1437, 641, 665, 682, 664, 1397, 1421, 1438, 1420, 954, 955, 969, 968
50, 681, 683, 724, 722, 1437, 1439, 1480, 1478, 682, 706, 723, 705, 1438, 1462, 1479, 1461, 968, 969, 983, 982
51, 722, 724, 765, 763, 1478, 1480, 1521, 1519, 723, 747, 764, 746, 1479, 1503, 1520, 1502, 982, 983, 997, 996
52, 763, 765, 806, 804, 1519, 1521, 1562, 1560, 764, 788, 805, 787, 1520, 1544, 1561, 1543, 996, 997, 1011, 1010
53, 273, 275, 316, 314, 1029, 1031, 1072, 1070, 274, 297, 315, 296, 1030, 1053, 1071, 1052, 829, 830, 844, 843
54, 314, 316, 357, 355, 1070, 1072, 1113, 1111, 315, 338, 356, 337, 1071, 1094, 1112, 1093, 843, 844, 858, 857
55, 355, 357, 398, 396, 1111, 1113, 1154, 1152, 356, 379, 397, 378, 1112, 1135, 1153, 1134, 857, 858, 872, 871
56, 396, 398, 439, 437, 1152, 1154, 1195, 1193, 397, 420, 438, 419, 1153, 1176, 1194, 1175, 871, 872, 886, 885
57, 1, 3, 20, 18, 133, 135, 152, 150, 2, 13, 19, 12, 134, 145, 151, 144, 97, 98, 104, 103
58, 133, 135, 152, 150, 437, 439, 480, 478, 134, 145, 151, 144, 438, 461, 479, 460, 229, 230, 236, 235
59, 437, 439, 480, 478, 1193, 1195, 1236, 1234, 438, 461, 479, 460, 1194, 1217, 1235, 1216, 885, 886, 900, 899
60, 1193, 1195, 1236, 1234, 1617, 1619, 1636, 1634, 1194, 1217, 1235, 1216, 1618, 1629, 1635, 1628, 1581, 1582, 1588, 1587
61, 1617, 1619, 1636, 1634, 1749, 1751, 1768, 1766, 1618, 1629, 1635, 1628, 1750, 1761, 1767, 1760, 1713, 1714, 1720, 1719
62, 18, 20, 37, 35, 150, 152, 169, 167, 19, 30, 36, 29, 151, 162, 168, 161, 103, 104, 110, 109
63, 150, 152, 169, 167, 478, 480, 521, 519, 151, 162, 168, 161, 479, 502, 520, 501, 235, 236, 242, 241
64, 478, 480, 521, 519, 1234, 1236, 1277, 1275, 479, 502, 520, 501, 1235, 1258, 1276, 1257, 899, 900, 914, 913
65, 1234, 1236, 1277, 1275, 1634, 1636, 1653, 1651, 1235, 1258, 1276, 1257, 1635, 1646, 1652, 1645, 1587, 1588, 1594, 1593
66, 1634, 1636, 1653, 1651, 1766, 1768, 1785, 1783, 1635, 1646, 1652, 1645, 1767, 1778, 1784, 1777, 1719, 1720, 1726, 1725
67, 35, 37, 54, 52, 167, 169, 186, 184, 36, 47, 53, 46, 168, 179, 185, 178, 109, 110, 116, 115
68, 167, 169, 186, 184, 519, 521, 562, 560, 168, 179, 185, 178, 520, 543, 561, 542, 241, 242, 248, 247
69, 519, 521, 562, 560, 1275, 1277, 1318, 1316, 520, 543, 561, 542, 1276, 1299, 1317, 1298, 913, 914, 928, 927
70, 1275, 1277, 1318, 1316, 1651, 1653, 1670, 1668, 1276, 1299, 1317, 1298, 1652, 1663, 1669, 1662, 1593, 1594, 1600, 1599
71, 1651, 1653, 1670, 1668, 1783, 1785, 1802, 1800, 1652, 1663, 1669, 1662, 1784, 1795, 1801, 1794, 1725, 1726, 1732, 1731
72, 52, 54, 71, 69, 184, 186, 203, 201, 53, 64, 70, 63, 185, 196, 202, 195, 115, 116, 122, 121
73, 184, 186, 203, 201, 560, 562, 603, 601, 185, 196, 202, 195, 561, 584, 602, 583, 247, 248, 254, 253
74, 560, 562, 603, 601, 1316, 1318, 1359, 1357, 561, 584, 602, 583, 1317, 1340, 1358, 1339, 927, 928, 942, 941
75, 1316, 1318, 1359, 1357, 1668, 1670, 1687, 1685, 1317, 1340, 1358, 1339, 1669, 1680, 1686, 1679, 1599, 1600, 1606, 1605
76, 1668, 1670, 1687, 1685, 1800, 1802, 1819, 1817, 1669, 1680, 1686, 1679, 1801, 1812, 1818, 1811, 1731, 1732, 1738, 1737
77, 69, 71, 88, 86, 201, 203, 220, 218, 70, 81, 87, 80, 202, 213, 219, 212, 121, 122, 128, 127
78, 201, 203, 220, 218, 601, 603, 644, 642, 202, 213, 219, 212, 602, 625, 643, 624, 253, 254, 260, 259
79, 601, 603, 644, 642, 1357, 1359, 1400, 1398, 602, 625, 643, 624, 1358, 1381, 1399, 1380, 941, 942, 956, 955
80, 1357, 1359, 1400, 1398, 1685, 1687, 1704, 1702, 1358, 1381, 1399, 1380, 1686, 1697, 1703, 1696, 1605, 1606, 1612, 1611
81, 1685, 1687, 1704, 1702, 1817, 1819, 1836, 1834, 1686, 1697, 1703, 1696, 1818, 1829, 1835, 1828, 1737, 1738, 1744, 1743
82, 642, 644, 685, 683, 1398, 1400, 1441, 1439, 643, 666, 684, 665, 1399, 1422, 1440, 1421, 955, 956, 970, 969
83, 683, 685, 726, 724, 1439, 1441, 1482, 1480, 684, 707, 725, 706, 1440, 1463, 1481, 1462, 969, 970, 984, 983
84, 724, 726, 767, 765, 1480, 1482, 1523, 1521, 725, 748, 766, 747, 1481, 1504, 1522, 1503, 983, 984, 998, 997
85, 765, 767, 808, 806, 1521, 1523, 1564, 1562, 766, 789, 807, 788, 1522, 1545, 1563, 1544, 997, 998, 1012, 1011
86, 275, 277, 318, 316, 1031, 1033, 1074, 1072, 276, 298, 317, 297, 1032, 1054, 1073, 1053, 830, 831, 845, 844
87, 316, 318, 359, 357, 1072, 1074, 1115, 1113, 317, 339, 358, 338, 1073, 1095, 1114, 1094, 844, 845, 859, 858
88, 357, 359, 400, 398, 1113, 1115, 1156, 1154, 358, 380, 399, 379, 1114, 1136, 1155, 1135, 858, 859, 873, 872
89, 398, 400, 441, 439, 1154, 1156, 1197, 1195, 399, 421, 440, 420, 1155, 1177, 1196, 1176, 872, 873, 887, 886
90, 3, 5, 22, 20, 135, 137, 154, 152, 4, 14, 21, 13, 136, 146, 153, 145, 98, 99, 105, 104
91, 135, 137, 154, 152, 439, 441, 482, 480, 136, 146, 153, 145, 440, 462, 481, 461, 230, 231, 237, 236
92, 439, 441, 482, 480, 1195, 1197, 1238, 1236, 440, 462, 481, 461, 1196, 1218, 1237, 1217, 886, 887, 901, 900
93, 1195, 1197, 1238, 1236, 1619, 1621, 1638, 1636, 1196, 1218, 1237, 1217, 1620, 1630, 1637, 1629, 1582, 1583, 1589, 1588
94, 1619, 1621, 1638, 1636, 1751, 1753, 1770, 1768, 1620, 1630, 1637, 1629, 1752, 1762, 1769, 1761, 1714, 1715, 1721, 1720
95, 20, 22, 39, 37, 152, 154, 171, 169, 21, 31, 38, 30, 153, 163, 170, 162, 104, 105, 111, 110
96, 152, 154, 171, 169, 480, 482, 523, 521, 153, 163, 170, 162, 481, 503, 522, 502, 236, 237, 243, 242
97, 480, 482, 523, 521, 1236, 1238, 1279, 1277, 481, 503, 522, 502, 1237, 1259, 1278, 1258, 900, 901, 915, 914
98, 1236, 1238, 1279, 1277, 1636, 1638, 1655, 1653, 1237, 1259, 1278, 1258, 1637, 1647, 1654, 1646, 1588, 1589, 1595, 1594
99, 1636, 1638, 1655, 1653, 1768, 1770, 1787, 1785, 1637, 1647, 1654, 1646, 1769, 1779, 1786, 1778, 1720, 1721, 1727, 1726
100, 37, 39, 56, 54, 169, 171, 188, 186, 38, 48, 55, 47, 170, 180, 187, 179, 110, 111, 117, 116
101, 169, 171, 188, 186, 521, 523, 564, 562, 170, 180, 187, 179, 522, 544, 563, 543, 242, 243, 249, 248
102, 521, 523, 564, 562, 1277, 1279, 1320, 1318, 522, 544, 563, 543, 1278, 1300, 1319, 1299, 914, 915, 929, 928
103, 1277, 1279, 1320, 1318, 1653, 1655, 1672, 1670, 1278, 1300, 1319, 1299, 1654, 1664, 1671, 1663, 1594, 1595, 1601, 1600
104, 1653, 1655, 1672, 1670, 1785, 1787, 1804, 1802, 1654, 1664, 1671, 1663, 1786, 1796, 1803, 1795, 1726, 1727, 1733, 1732
105, 54, 56, 73, 71, 186, 188, 205, 203, 55, 65, 72, 64, 187, 197, 204, 196, 116, 117, 123, 122
106, 186, 188, 205, 203, 562, 564, 605, 603, 187, 197, 204, 196, 563, 585, 604, 584, 248, 249, 255, 254
107, 562, 564, 605, 603, 1318, 1320, 1361, 1359, 563, 585, 604, 584, 1319, 1341, 1360, 1340, 928, 929, 943, 942
108, 1318, 1320, 1361, 1359, 1670, 1672, 1689, 1687, 1319, 1341, 1360, 1340, 1671, 1681, 1688, 1680, 1600, 1601, 1607, 1606
109, 1670, 1672, 1689, 1687, 1802, 1804, 1821, 1819, 1671, 1681, 1688, 1680, 1803, 1813, 1820, 1812, 1732, 1733, 1739, 1738
110, 71, 73, 90, 88, 203, 205, 222, 220, 72, 82, 89, 81, 204, 214, 221, 213, 122, 123, 129, 128
111, 203, 205, 222, 220, 603, 605, 646, 644, 204, 214, 221, 213, 604, 626, 645, 625, 254, 255, 261, 260
112, 603, 605, 646, 644, 1359, 1361, 1402, 1400, 604, 626, 645, 625, 1360, 1382, 1401, 1381, 942, 943, 957, 956
113, 1359, 1361, 1402, 1400, 1687, 1689, 1706, 1704, 1360, 1382, 1401, 1381, 1688, 1698, 1705, 1697, 1606, 1607, 1613, 1612
114, 1687, 1689, 1706, 1704, 1819, 1821, 1838, 1836, 1688, 1698, 1705, 1697, 1820, 1830, 1837, 1829, 1738, 1739, 1745, 1744
115, 644, 646, 687, 685, 1400, 1402, 1443, 1441, 645, 667, 686, 666, 1401, 1423, 1442, 1422, 956, 957, 971, 970
116, 685, 687, 728, 726, 1441, 1443, 1484, 1482, 686, 708, 727, 707, 1442, 1464, 1483, 1463, 970, 971, 985, 984
117, 726, 728, 769, 767, 1482, 1484, 1525, 1523, 727, 749, 768, 748, 1483, 1505, 1524, 1504, 984, 985, 999, 998
118, 767, 769, 810, 808, 1523, 1525, 1566, 1564, 768, 790, 809, 789, 1524, 1546, 1565, 1545, 998, 999, 1013, 1012
119, 277, 279, 320, 318, 1033, 1035, 1076, 1074, 278, 299, 319, 298, 1034, 1055, 1075, 1054, 831, 832, 846, 845
120, 318, 320, 361, 359, 1074, 1076, 1117, 1115, 319, 340, 360, 339, 1075, 1096, 1116, 1095, 845, 846, 860, 859
121, 359, 361, 402, 400, 1115, 1117, 1158, 1156, 360, 381, 401, 380, 1116, 1137, 1157, 1136, 859, 860, 874, 873
122, 400, 402, 443, 441, 1156, 1158, 1199, 1197, 401, 422, 442, 421, 1157, 1178, 1198, 1177, 873, 874, 888, 887
123, 5, 7, 24, 22, 137, 139, 156, 154, 6, 15, 23, 14, 138, 147, 155, 146, 99, 100, 106, 105
124, 137, 139, 156, 154, 441, 443, 484, 482, 138, 147, 155, 146, 442, 463, 483, 462, 231, 232, 238, 237
125, 441, 443, 484, 482, 1197, 1199, 1240, 1238, 442, 463, 483, 462, 1198, 1219, 1239, 1218, 887, 888, 902, 901
126, 1197, 1199, 1240, 1238, 1621, 1623, 1640, 1638, 1198, 1219, 1239, 1218, 1622, 1631, 1639, 1630, 1583, 1584, 1590, 1589
127, 1621, 1623, 1640, 1638, 1753, 1755, 1772, 1770, 1622, 1631, 1639, 1630, 1754, 1763, 1771, 1762, 1715, 1716, 1722, 1721
128, 22, 24, 41, 39, 154, 156, 173, 171, 23, 32, 40, 31, 155, 164, 172, 163, 105, 106, 112, 111
129, 154, 156, 173, 171, 482, 484, 525, 523, 155, 164, 172, 163, 483, 504, 524, 503, 237, 238, 244, 243
130, 482, 484, 525, 523, 1238, 1240, 1281, 1279, 483, 504, 524, 503, 1239, 1260, 1280, 1259, 901, 902, 916, 915
131, 1238, 1240, 1281, 1279, 1638, 1640, 1657, 1655, 1239, 1260, 1280, 1259, 1639, 1648, 1656, 1647, 1589, 1590, 1596, 1595
132, 1638, 1640, 1657, 1655, 1770, 1772, 1789, 1787, 1639, 1648, 1656, 1647, 1771, 1780, 1788, 1779, 1721, 1722, 1728, 1727
133, 39, 41, 58, 56, 171, 173, 190, 188, 40, 49, 57, 48, 172, 181, 189, 180, 111, 112, 118, 117
134, 171, 173, 190, 188, 523, 525, 566, 564, 172, 181, 189, 180, 524, 545, 565, 544, 243, 244, 250, 249
135, 523, 525, 566, 564, 1279, 1281, 1322, 1320, 524, 545, 565, 544, 1280, 1301, 1321, 1300, 915, 916, 930, 929
136, 1279, 1281, 1322, 1320, 1655, 1657, 1674, 1672, 1280, 1301, 1321, 1300, 1656, 1665, 1673, 1664, 1595, 1596, 1602, 1601
137, 1655, 1657, 1674, 1672, 1787, 1789, 1806, 1804, 1656, 1665, 1673, 1664, 1788, 1797, 1805, 1796, 1727, 1728, 1734, 1733
138, 56, 58, 75, 73, 188, 190, 207, 205, 57, 66, 74, 65, 189, 198, 206, 197, 117, 118, 124, 123
139, 188, 190, 207, 205, 564, 566, 607, 605, 189, 198, 206, 197, 565, 586, 606, 585, 249, 250, 256, 255
140, 564, 566, 607, 605, 1320, 1322, 1363, 1361, 565, 586, 606, 585, 1321, 1342, 1362, 1341, 929, 930, 944, 943
141, 1320, 1322, 1363, 1361, 1672, 1674, 1691, 1689, 1321, 1342, 1362, 1341, 1673, 1682, 1690, 1681, 1601, 1602, 1608, 1607
142, 1672, 1674, 1691, 1689, 1804, 1806, 1823, 1821, 1673, 1682, 1690, 1681, 1805, 1814, 1822, 1813, 1733, 1734, 1740, 1739
143, 73, 75, 92, 90, 205, 207, 224, 222, 74, 83, 91, 82, 206, 215, 223, 214, 123, 124, 130, 129
144, 205, 207, 224, 222, 605, 607, 648, 646, 206, 215, 223, 214, 606, 627, 647, 626, 255, 256, 262, 261
145, 605, 607, 648, 646, 1361, 1363, 1404, 1402, 606, 627, 647, 626, 1362, 1383, 1403, 1382, 943, 944, 958, 957
146, 1361, 1363, 1404, 1402, 1689, 1691, 1708, 1706, 1362, 1383, 1403, 1382, 1690, 1699, 1707, 1698, 1607, 1608, 1614, 1613
147, 1689, 1691, 1708, 1706, 1821, 1823, 1840, 1838, 1690, 1699, 1707, 1698, 1822, 1831, 1839, 1830, 1739, 1740, 1746, 1745
148, 646, 648, 689, 687, 1402, 1404, 1445, 1443, 647, 668, 688, 667, 1403, 1424, 1444, 1423, 957, 958, 972, 971
149, 687, 689, 730, 728, 1443, 1445, 1486, 1484, 688, 709, 729, 708, 1444, 1465, 1485, 1464, 971, 972, 986, 985
150, 728, 730, 771, 769, 1484, 1486, 1527, 1525, 729, 750, 770, 749, 1485, 1506, 1526, 1505, 985, 986, 1000, 999
151, 769, 771, 812, 810, 1525, 1527, 1568, 1566, 770, 791, 811, 790, 1526, 1547, 1567, 1546, 999, 1000, 1014, 1013
152, 279, 281, 322, 320, 1035, 1037, 1078, 1076, 280, 300, 321, 299, 1036, 1056, 1077, 1055, 832, 833, 847, 846
153, 320, 322, 363, 361, 1076, 1078, 1119, 1117, 321, 341, 362, 340, 1077, 1097, 1118, 1096, 846, 847, 861, 860
154, 361, 363, 404, 402, 1117, 1119, 1160, 1158, 362, 382, 403, 381, 1118, 1138, 1159, 1137, 860, 861, 875, 874
155, 402, 404, 445, 443, 1158, 1160, 1201, 1199, 403, 423, 444, 422, 1159, 1179, 1200, 1178, 874, 875, 889, 888
156, 7, 9, 26, 24, 139, 141, 158, 156, 8, 16, 25, 15, 140, 148, 157, 147, 100, 101, 107, 106
157, 139, 141, 158, 156, 443, 445, 486, 484, 140, 148, 157, 147, 444, 464, 485, 463, 232, 233, 239, 238
158, 443, 445, 486, 484, 1199, 1201, 1242, 1240, 444, 464, 485, 463, 1200, 1220, 1241, 1219, 888, 889, 903, 902
159, 1199, 1201, 1242, 1240, 1623, 1625, 1642, 1640, 1200, 1220, 1241, 1219, 1624, 1632, 1641, 1631, 1584, 1585, 1591, 1590
160, 1623, 1625, 1642, 1640, 1755, 1757, 1774, 1772, 1624, 1632, 1641, 1631, 1756, 1764, 1773, 1763, 1716, 1717, 1723, 1722
161, 24, 26, 43, 41, 156, 158, 175, 173, 25, 33, 42, 32, 157, 165, 174, 164, 106, 107, 113, 112
162, 156, 158, 175, 173, 484, 486, 527, 525, 157, 165, 174, 164, 485, 505, 526, 504, 238, 239, 245, 244
163, 484, 486, 527, 525, 1240, 1242, 1283, 1281, 485, 505, 526, 504, 1241, 1261, 1282, 1260, 902, 903, 917, 916
164, 1240, 1242, 1283, 1281, 1640, 1642, 1659, 1657, 1241, 1261, 1282, 1260, 1641, 1649, 1658, 1648, 1590, 1591, 1597, 1596
165, 1640, 1642, 1659, 1657, 1772, 1774, 1791, 1789, 1641, 1649, 1658, 1648, 1773, 1781, 1790, 1780, 1722, 1723, 1729, 1728
166, 41, 43, 60, 58, 173, 175, 192, 190, 42, 50, 59, 49, 174, 182, 191, 181, 112, 113, 119, 118
167, 173, 175, 192, 190, 525, 527, 568, 566, 174, 182, 191, 181, 526, 546, 567, 545, 244, 245, 251, 250
168, 525, 527, 568, 566, 1281, 1283, 1324, 1322, 526, 546, 567, 545, 1282, 1302, 1323, 1301, 916, 917, 931, 930
169, 1281, 1283, 1324, 1322, 1657, 1659, 1676, 1674, 1282, 1302, 1323, 1301, 1658, 1666, 1675, 1665, 1596, 1597, 1603, 1602
170, 1657, 1659, 1676, 1674, 1789, 1791, 1808, 1806, 1658, 1666, 1675, 1665, 1790, 1798, 1807, 1797, 1728, 1729, 1735, 1734
171, 58, 60, 77, 75, 190, 192, 209, 207, 59, 67, 76, 66, 191, 199, 208, 198, 118, 119, 125, 124
172, 190, 192, 209, 207, 566, 568, 609, 607, 191, 199, 208, 198, 567, 587, 608, 586, 250, 251, 257, 256
173, 566, 568, 609, 607, 1322, 1324, 1365, 1363, 567, 587, 608, 586, 1323, 1343, 1364, 1342, 930, 931, 945, 944
174, 1322, 1324, 1365, 1363, 1674, 1676, 1693, 1691, 1323, 1343, 1364, 1342, 1675, 1683, 1692, 1682, 1602, 1603, 1609, 1608
175, 1674, 1676, 1693, 1691, 1806, 1808, 1825, 1823, 1675, 1683, 1692, 1682, 1807, 1815, 1824, 1814, 1734, 1735, 1741, 1740
176, 75, 77, 94, 92, 207, 209, 226, 224, 76, 84, 93, 83, 208, 216, 225, 215, 124, 125, 131, 130
177, 207, 209, 226, 224, 607, 609, 650, 648, 208, 216, 225, 215, 608, 628, 649, 627, 256, 257, 263, 262
178, 607, 609, 650, 648, 1363, 1365, 1406, 1404, 608, 628, 649, 627, 1364, 1384, 1405, 1383, 944, 945, 959, 958
179, 1363, 1365, 1406, 1404, 1691, 1693, 1710, 1708, 1364, 1384, 1405, 1383, 1692, 1700, 1709, 1699, 1608, 1609, 1615, 1614
180, 1691, 1693, 1710, 1708, 1823, 1825, 1842, 1840, 1692, 1700, 1709, 1699, 1824, 1832, 1841, 1831, 1740, 1741, 1747, 1746
181, 648, 650, 691, 689, 1404, 1406, 1447, 1445, 649, 669, 690, 668, 1405, 1425, 1446, 1424, 958, 959, 973, 972
182, 689, 691, 732, 730, 1445, 1447, 1488, 1486, 690, 710, 731, 709, 1446, 1466, 1487, 1465, 972, 973, 987, 986
183, 730, 732, 773, 771, 1486, 1488, 1529, 1527, 731, 751, 772, 750, 1487, 1507, 1528, 1506, 986, 987, 1001, 1000
184, 771, 773, 814, 812, 1527, 1529, 1570, 1568, 772, 792, 813, 791, 1528, 1548, 1569, 1547, 1000, 1001, 1015, 1014
185, 281, 283, 324, 322, 1037, 1039, 1080, 1078, 282, 301, 323, 300, 1038, 1057, 1079, 1056, 833, 834, 848, 847
186, 322, 324, 365, 363, 1078, 1080, 1121, 1119, 323, 342, 364, 341, 1079, 1098, 1120, 1097, 847, 848, 862, 861
187, 363, 365, 406, 404, 1119, 1121, 1162, 1160, 364, 383, 405, 382, 1120, 1139, 1161, 1138, 861, 862, 876, 875
188, 404, 406, 447, 445, 1160, 1162, 1203, 1201, 405, 424, 446, 423, 1161, 1180, 1202, 1179, 875, 876, 890, 889
189, 9, 11, 28, 26, 141, 143, 160, 158, 10, 17, 27, 16, 142, 149, 159, 148, 101, 102, 108, 107
190, 141, 143, 160, 158, 445, 447, 488, 486, 142, 149, 159, 148, 446, 465, 487, 464, 233, 234, 240, 239
191, 445, 447, 488, 486, 1201, 1203, 1244, 1242, 446, 465, 487, 464, 1202, 1221, 1243, 1220, 889, 890, 904, 903
192, 1201, 1203, 1244, 1242, 1625, 1627, 1644, 1642, 1202, 1221, 1243, 1220, 1626, 1633, 1643, 1632, 1585, 1586, 1592, 1591
193, 1625, 1627, 1644, 1642, 1757, 1759, 1776, 1774, 1626, 1633, 1643, 1632, 1758, 1765, 1775, 1764, 1717, 1718, 1724, 1723
194, 26, 28, 45, 43, 158, 160, 177, 175, 27, 34, 44, 33, 159, 166, 176, 165, 107, 108, 114, 113
195, 158, 160, 177, 175, 486, 488, 529, 527, 159, 166, 176, 165, 487, 506, 528, 505, 239, 240, 246, 245
196, 486, 488, 529, 527, 1242, 1244, 1285, 1283, 487, 506, 528, 505, 1243, 1262, 1284, 1261, 903, 904, 918, 917
197, 1242, 1244, 1285, 1283, 1642, 1644, 1661, 1659, 1243, 1262, 1284, 1261, 1643, 1650, 1660, 1649, 1591, 1592, 1598, 1597
198, 1642, 1644, 1661, 1659, 1774, 1776, 1793, 1791, 1643, 1650, 1660, 1649, 1775, 1782, 1792, 1781, 1723, 1724, 1730, 1729
199, 43, 45, 62, 60, 175, 177, 194, 192, 44, 51, 61, 50, 176, 183, 193, 182, 113, 114, 120, 119
200, 175, 177, 194, 192, 527, 529, 570, 568, 176, 183, 193, 182, 528, 547, 569, 546, 245, 246, 252, 251
201, 527, 529, 570, 568, 1283, 1285, 1326, 1324, 528, 547, 569, 546, 1284, 1303, 1325, 1302, 917, 918, 932, 931
202, 1283, 1285, 1326, 1324, 1659, 1661, 1678, 1676, 1284, 1303, 1325, 1302, 1660, 1667, 1677, 1666, 1597, 1598, 1604, 1603
203, 1659, 1661, 1678, 1676, 1791, 1793, 1810, 1808, 1660, 1667, 1677, 1666, 1792, 1799, 1809, 1798, 1729, 1730, 1736, 1735
204, 60, 62, 79, 77, 192, 194, 211, 209, 61, 68, 78, 67, 193, 200, 210, 199, 119, 120, 126, 125
205, 192, 194, 211, 209, 568, 570, 611, 609, 193, 200, 210, 199, 569, 588, 610, 587, 251, 252, 258, 257
206, 568, 570, 611, 609, 1324, 1326, 1367, 1365, 569, 588, 610, 587, 1325, 1344, 1366, 1343, 931, 932, 946, 945
207, 1324, 1326, 1367, 1365, 1676, 1678, 1695, 1693, 1325, 1344, 1366, 1343, 1677, 1684, 1694, 1683, 1603, 1604, 1610, 1609
208, 1676, 1678, 1695, 1693, 1808, 1810, 1827, 1825, 1677, 1684, 1694, 1683, 1809, 1816, 1826, 1815, 1735, 1736, 1742, 1741
209, 77, 79, 96, 94, 209, 211, 228, 226, 78, 85, 95, 84, 210, 217, 227, 216, 125, 126, 132, 131
210, 209, 211, 228, 226, 609, 611, 652, 650, 210, 217, 227, 216, 610, 629, 651, 628, 257, 258, 264, 263
211, 609, 611, 652, 650, 1365, 1367, 1408, 1406, 610, 629, 651, 628, 1366, 1385, 1407, 1384, 945, 946, 960, 959
212, 1365, 1367, 1408, 1406, 1693, 1695, 1712, 1710, 1366, 1385, 1407, 1384, 1694, 1701, 1711, 1700, 1609, 1610, 1616, 1615
213, 1693, 1695, 1712, 1710, 1825, 1827, 1844, 1842, 1694, 1701, 1711, 1700, 1826, 1833, 1843, 1832, 1741, 1742, 1748, 1747
214, 650, 652, 693, 691, 1406, 1408, 1449, 1447, 651, 670, 692, 669, 1407, 1426, 1448, 1425, 959, 960, 974, 973
215, 691, 693, 734, 732, 1447, 1449, 1490, 1488, 692, 711, 733, 710, 1448, 1467, 1489, 1466, 973, 974, 988, 987
216, 732, 734, 775, 773, 1488, 1490, 1531, 1529, 733, 752, 774, 751, 1489, 1508, 1530, 1507, 987, 988, 1002, 1001
217, 773, 775, 816, 814, 1529, 1531, 1572, 1570, 774, 793, 815, 792, 1530, 1549, 1571, 1548, 1001, 1002, 1016, 1015
218, 283, 285, 326, 324, 1039, 1041, 1082, 1080, 284, 302, 325, 301, 1040, 1058, 1081, 1057, 834, 835, 849, 848
219, 324, 326, 367, 365, 1080, 1082, 1123, 1121, 325, 343, 366, 342, 1081, 1099, 1122, 1098, 848, 849, 863, 862
220, 365, 367, 408, 406, 1121, 1123, 1164, 1162, 366, 384, 407, 383, 1122, 1140, 1163, 1139, 862, 863, 877, 876
221, 406, 408, 449, 447, 1162, 1164, 1205, 1203, 407, 425, 448, 424, 1163, 1181, 1204, 1180, 876, 877, 891, 890
222, 447, 449, 490, 488, 1203, 1205, 1246, 1244, 448, 466, 489, 465, 1204, 1222, 1245, 1221, 890, 891, 905, 904
223, 488, 490, 531, 529, 1244, 1246, 1287, 1285, 489, 507, 530, 506, 1245, 1263, 1286, 1262, 904, 905, 919, 918
224, 529, 531, 572, 570, 1285, 1287, 1328, 1326, 530, 548, 571, 547, 1286, 1304, 1327, 1303, 918, 919, 933, 932
225, 570, 572, 613, 611, 1326, 1328, 1369, 1367, 571, 589, 612, 588, 1327, 1345, 1368, 1344, 932, 933, 947, 946
226, 611, 613, 654, 652, 1367, 1369, 1410, 1408, 612, 630, 653, 629, 1368, 1386, 1409, 1385, 946, 947, 961, 960
227, 652, 654, 695, 693, 1408, 1410, 1451, 1449, 653, 671, 694, 670, 1409, 1427, 1450, 1426, 960, 961, 975, 974
228, 693, 695, 736, 734, 1449, 1451, 1492, 1490, 694, 712, 735, 711, 1450, 1468, 1491, 1467, 974, 975, 989, 988
229, 734, 736, 777, 775, 1490, 1492, 1533, 1531, 735, 753, 776, 752, 1491, 1509, 1532, 1508, 988, 989, 1003, 1002
230, 775, 777, 818, 816, 1531, 1533, 1574, 1572, 776, 794, 817, 793, 1532, 1550, 1573, 1549, 1002, 1003, 1017, 1016
231, 285, 287, 328, 326, 1041, 1043, 1084, 1082, 286, 303, 327, 302, 1042, 1059, 1083, 1058, 835, 836, 850, 849
232, 326, 328, 369, 367, 1082, 1084, 1125, 1123, 327, 344, 368, 343, 1083, 1100, 1124, 1099, 849, 850, 864, 863
233, 367, 369, 410, 408, 1123, 1125, 1166, 1164, 368, 385, 409, 384, 1124, 1141, 1165, 1140, 863, 864, 878, 877
234, 408, 410, 451, 449, 1164, 1166, 1207, 1205, 409, 426, 450, 425, 1165, 1182, 1206, 1181, 877, 878, 892, 891
235, 449, 451, 492, 490, 1205, 1207, 1248, 1246, 450, 467, 491, 466, 1206, 1223, 1247, 1222, 891, 892, 906, 905
236, 490, 492, 533, 531, 1246, 1248, 1289, 1287, 491, 508, 532, 507, 1247, 1264, 1288, 1263, 905, 906, 920, 919
237, 531, 533, 574, 572, 1287, 1289, 1330, 1328, 532, 549, 573, 548, 1288, 1305, 1329, 1304, 919, 920, 934, 933
238, 572, 574, 615, 613, 1328, 1330, 1371, 1369, 573, 590, 614, 589, 1329, 1346, 1370, 1345, 933, 934, 948, 947
239, 613, 615, 656, 654, 1369, 1371, 1412, 1410, 614, 631, 655, 630, 1370, 1387, 1411, 1386, 947, 948, 962, 961
240, 654, 656, 697, 695, 1410, 1412, 1453, 1451, 655, 672, 696, 671, 1411, 1428, 1452, 1427, 961, 962, 976, 975
241, 695, 697, 738, 736, 1451, 1453, 1494, 1492, 696, 713, 737, 712, 1452, 1469, 1493, 1468, 975, 976, 990, 989
242, 736, 738, 779, 777, 1492, 1494, 1535, 1533, 737, 754, 778, 753, 1493, 1510, 1534, 1509, 989, 990, 1004, 1003
243, 777, 779, 820, 818, 1533, 1535, 1576, 1574, 778, 795, 819, 794, 1534, 1551, 1575, 1550, 1003, 1004, 1018, 1017
244, 287, 289, 330, 328, 1043, 1045, 1086, 1084, 288, 304, 329, 303, 1044, 1060, 1085, 1059, 836, 837, 851, 850
245, 328, 330, 371, 369, 1084, 1086, 1127, 1125, 329, 345, 370, 344, 1085, 1101, 1126, 1100, 850, 851, 865, 864
246, 369, 371, 412, 410, 1125, 1127, 1168, 1166, 370, 386, 411, 385, 1126, 1142, 1167, 1141, 864, 865, 879, 878
247, 410, 412, 453, 451, 1166, 1168, 1209, 1207, 411, 427, 452, 426, 1167, 1183, 1208, 1182, 878, 879, 893, 892
248, 451, 453, 494, 492, 1207, 1209, 1250, 1248, 452, 468, 493, 467, 1208, 1224, 1249, 1223, 892, 893, 907, 906
249, 492, 494, 535, 533, 1248, 1250, 1291, 1289, 493, 509, 534, 508, 1249, 1265, 1290, 1264, 906, 907, 921, 920
250, 533, 535, 576, 574, 1289, 1291, 1332, 1330, 534, 550, 575, 549, 1290, 1306, 1331, 1305, 920, 921, 935, 934
251, 574, 576, 617, 615, 1330, 1332, 1373, 1371, 575, 591, 616, 590, 1331, 1347, 1372, 1346, 934, 935, 949, 948
252, 615, 617, 658, 656, 1371, 1373, 1414, 1412, 616, 632, 657, 631, 1372, 1388, 1413, 1387, 948, 949, 963, 962
253, 656, 658, 699, 697, 1412, 1414, 1455, 1453, 657, 673, 698, 672, 1413, 1429, 1454, 1428, 962, 963, 977, 976
254, 697, 699, 740, 738, 1453, 1455, 1496, 1494, 698, 714, 739, 713, 1454, 1470, 1495, 1469, 976, 977, 991, 990
255, 738, 740, 781, 779, 1494, 1496, 1537, 1535, 739, 755, 780, 754, 1495, 1511, 1536, 1510, 990, 991, 1005, 1004
256, 779, 781, 822, 820, 1535, 1537, 1578, 1576, 780, 796, 821, 795, 1536, 1552, 1577, 1551, 1004, 1005, 1019, 1018
257, 289, 291, 332, 330, 1045, 1047, 1088, 1086, 290, 305, 331, 304, 1046, 1061, 1087, 1060, 837, 838, 852, 851
258, 330, 332, 373, 371, 1086, 1088, 1129, 1127, 331, 346, 372, 345, 1087, 1102, 1128, 1101, 851, 852, 866, 865
259, 371, 373, 414, 412, 1127, 1129, 1170, 1168, 372, 387, 413, 386, 1128, 1143, 1169, 1142, 865, 866, 880, 879
260, 412, 414, 455, 453, 1168, 1170, 1211, 1209, 413, 428, 454, 427, 1169, 1184, 1210, 1183, 879, 880, 894, 893
261, 453, 455, 496, 494, 1209, 1211, 1252, 1250, 454, 469, 495, 468, 1210, 1225, 1251, 1224, 893, 894, 908, 907
262, 494, 496, 537, 535, 1250, 1252, 1293, 1291, 495, 510, 536, 509, 1251, 1266, 1292, 1265, 907, 908, 922, 921
263, 535, 537, 578, 576, 1291, 1293, 1334, 1332, 536, 551, 577, 550, 1292, 1307, 1333, 1306, 921, 922, 936, 935
264, 576, 578, 619, 617, 1332, 1334, 1375, 1373, 577, 592, 618, 591, 1333, 1348, 1374, 1347, 935, 936, 950, 949
265, 617, 619, 660, 658, 1373, 1375, 1416, 1414, 618, 633, 659, 632, 1374, 1389, 1415, 1388, 949, 950, 964, 963
266, 658, 660, 701, 699, 1414, 1416, 1457, 1455, 659, 674, 700, 673, 1415, 1430, 1456, 1429, 963, 964, 978, 977
267, 699, 701, 742, 740, 1455, 1457, 1498, 1496, 700, 715, 741, 714, 1456, 1471, 1497, 1470, 977, 978, 992, 991
268, 740, 742, 783, 781, 1496, 1498, 1539, 1537, 741, 756, 782, 755, 1497, 1512, 1538, 1511, 991, 992, 1006, 1005
269, 781, 783, 824, 822, 1537, 1539, 1580, 1578, 782, 797, 823, 796, 1538, 1553, 1579, 1552, 1005, 1006, 1020, 1019
