1 -2.849676E+00 -4.840705E+00  5.032534E-01
2  2.849676E+00 -4.840705E+00  5.032534E-01
3 -2.849676E+00 -4.840705E+00 -5.032534E-01
4  2.849676E+00 -4.840705E+00 -5.032534E-01
5 -2.104675E-13  1.000000E+00  2.172584E-13
6 -2.991208E-14  1.000000E+00  8.497283E-14
7 -9.083012E-13  1.000000E+00 -4.292261E-13
8 -4.453867E-13  1.000000E+00  1.765172E-13
9 -4.245834E-02 -6.257324E+00 -2.208254E+01
10 -3.534339E-12 -9.754624E+00  1.847664E+00
11  4.245834E-02 -6.257324E+00 -2.208254E+01
12  5.492589E+00  8.596865E+00 -1.656095E+01
13 -6.235693E-12 -4.975671E+00 -1.105616E-12
14 -5.492589E+00  8.596865E+00  1.656095E+01
15 -4.245834E-02 -6.257324E+00  2.208254E+01
16 -2.825469E-12 -9.754624E+00 -1.847664E+00
17  4.245834E-02 -6.257324E+00  2.208254E+01
18  5.492589E+00  8.596865E+00  1.656095E+01
19 -6.197832E-12 -4.975671E+00  1.112027E-12
20 -5.492589E+00  8.596865E+00 -1.656095E+01
21  2.262718E-12  1.579933E-12 -8.705232E-13
22  1.314337E-13  1.000000E+00 -1.032893E-12
23 -1.985388E-12  3.541331E-12  7.499941E-14
24 -2.534033E-13  1.048703E-12  9.855007E-14
25 -1.608415E-12  1.000000E+00  1.132713E-12
26  1.430637E-12  3.005745E-12  1.088140E-13
27  1.893499E-12 -1.746374E-12  3.631071E-13
28 -6.725074E-13  1.000000E+00  1.127698E-12
29 -8.377613E-13  6.551540E-12  4.893377E-13
30  9.753195E-13 -1.111339E-12 -2.724600E-14
31 -1.616734E-12  1.000000E+00  2.510504E-13
32 -2.371388E-13  4.099386E-12  2.739502E-13
33 -2.062153E-14  6.911138E-15 -4.554690E-14
34  1.591082E-14  3.468753E-14  2.026365E-13
35  4.822737E-14 -2.553166E-13 -7.750051E-14
36  5.822309E-13 -9.065630E-13 -4.288236E-14
37  2.097961E-13 -6.011372E-13 -1.889461E-14
38  3.313420E-13 -4.374855E-12 -2.017622E-13
39  6.827847E-13 -2.454148E-13 -1.392567E-13
40  6.383471E-13 -5.270749E-13 -2.551674E-13
41  3.336207E-13  5.039025E-13  9.782453E-14
42 -6.093201E-13  1.208037E-12  7.064835E-14
43 -7.744390E-14  3.209412E-13  8.411535E-13
44  5.203368E-14  3.289521E-13  6.763774E-13
45  1.221480E-12 -2.133637E-12 -1.196777E-12
46 -5.733071E-13 -1.379098E-12 -3.828320E-13
47 -7.139103E-14  8.011231E-13  2.166650E-13
48 -5.019715E-13  2.628778E-13  5.743088E-13
49 -1.210683E-12 -4.910667E-12 -2.961581E-13
50 -2.095753E-13  1.880128E-12 -3.047629E-13
51 -2.034028E-14  3.459922E-12 -7.383846E-13
52 -4.209114E-13  3.903503E-12 -8.973503E-13
53 -9.973392E-13 -9.410415E-13 -7.940358E-13
54 -4.066954E-13  1.579483E-13 -9.842908E-14
55 -3.903837E-13  3.882381E-13  2.646312E-13
56 -5.099859E-13  7.764969E-14 -2.915489E-13
57  8.437244E-16 -6.577863E-13  1.182084E-13
58 -4.248319E-13 -5.200415E-13  1.582345E-13
59 -3.710812E-13 -1.952006E-13  3.304648E-14
60  1.912150E-14 -1.161189E-13 -2.872702E-14
61 -9.310616E-15  8.963316E-14  1.124517E-13
62  2.226607E-14 -2.727029E-14 -1.376503E-14
63 -1.512679E-14  2.527492E-14  4.440892E-15
64 -8.712475E-14 -6.149248E-14 -2.420286E-14
65  1.280278E-13  5.030698E-15 -1.598721E-14
66  8.273720E-14 -4.804213E-13 -2.133849E-13
67  1.192414E-13  6.155632E-13  2.220446E-14
68  1.688289E-13 -1.784066E-12  5.884182E-15
69  1.035699E-13  2.537554E-13 -1.643130E-14
70 -2.609844E-13  1.229499E-12 -3.713696E-13
71 -4.269571E-13 -2.160633E-12  6.128431E-14
72 -8.914961E-14  1.328739E-12 -3.483325E-13
73 -5.372959E-14 -1.710215E-12  2.422507E-13
74 -5.854945E-13  3.016025E-13  8.290590E-13
75  1.775926E-12  2.137859E-12 -4.907186E-13
76 -2.613739E-12 -1.216079E-11  1.046524E-13
77  1.549677E-12 -2.268796E-12 -2.695344E-13
78  1.152876E-14  3.903041E-14  1.876277E-14
79  8.228227E-15 -1.305293E-13 -6.267209E-14
80  4.271843E-14  3.924725E-14  3.408385E-14
81 -1.290911E-13 -5.352923E-14 -9.048318E-14
82  1.662003E-13  5.792849E-14  2.424172E-13
83  2.160332E-13  2.764212E-13 -2.431388E-13
84 -3.924037E-13  5.293500E-13  6.361578E-14
85  4.791204E-13 -1.094626E-12 -2.499390E-13
86 -4.212206E-13 -5.740365E-13  4.206635E-13
87  1.455562E-12 -3.808824E-12 -4.980183E-13
88  4.879230E-13  2.216366E-12 -4.415079E-13
89  1.237646E-12 -5.839083E-12 -3.586992E-13
90  1.344137E-12 -1.598111E-12  1.145029E-12
91 -4.261925E-13  2.957106E-12 -3.947155E-13
92 -1.406563E-12  2.350288E-12 -8.109225E-13
93  8.406743E-12  1.521382E+01 -2.825630E+01
94  9.598431E-12  5.468009E+00 -1.793404E-11
95 -7.006599E-12 -1.089842E+01 -1.360023E-14
96  9.680771E-12  5.468009E+00  1.803542E-11
97 -1.797886E-12  1.521382E+01  2.825630E+01
98  8.704876E-13 -6.780501E-12  7.382050E-13
99  7.024543E-13  5.719748E-12 -8.462827E-13
100  1.224130E-12  1.000000E+00  2.071314E-13
101  7.588031E-13 -5.639313E-13  4.928430E-13
102 -1.986970E-12  5.975547E-12 -1.196147E-12
103 -4.375244E-15  4.449999E-14  4.941360E-14
104  6.761087E-14  1.763745E-13  3.714563E-14
105 -7.646553E-14  2.392097E-14  3.286954E-13
106  1.002476E-13 -8.755583E-14  4.146683E-14
107 -4.219384E-14 -2.253944E-13  1.610760E-13
108  7.820137E-15 -2.970046E-13  2.909721E-13
109  3.296848E-13 -5.711724E-13  4.829626E-13
110 -4.160455E-13 -8.183757E-13  2.464149E-13
111 -2.019179E-13  4.038250E-13 -6.373894E-14
112 -1.062836E-12  4.214649E-13  2.743136E-13
113  6.826421E-13 -2.724123E-13  1.531076E-13
114 -1.294466E-12 -1.463907E-12  6.306743E-13
115 -4.706067E-13  1.331908E-12 -2.524300E-13
116 -6.816020E-13  1.240270E-12  1.571885E-13
117  7.102441E-13  8.237628E-12 -8.032811E-13
118 -6.186111E-13 -4.017868E-12  9.480437E-14
119 -4.761763E-13 -9.497611E-16 -1.560869E-13
120  1.422736E-12  5.276087E-12 -2.228664E-13
121  5.814251E-13  8.286993E-12 -5.470130E-13
122  5.025235E-13  2.097206E-12 -2.639716E-13
123 -1.186191E-12  3.430405E-12 -2.541457E-13
124  1.844289E-13 -2.071232E-12  1.075964E-12
125  6.837690E-13  6.078491E-12  8.317613E-13
126  1.399893E-12  4.620818E-12  2.644772E-13
127 -3.078224E-12 -1.015033E-12 -6.209649E-13
128  9.741451E-13  3.417501E-12 -1.268035E-13
129  3.030236E-12 -3.286236E-12  3.748734E-13
130  4.067640E-12 -4.364157E-12  2.668856E-12
131  2.509057E-13  7.091116E-13  1.428803E-12
132  2.914682E-14  1.360132E-14  2.076117E-14
133 -2.064267E-13 -2.836203E-13 -1.807027E-13
134 -9.998404E-14  4.845456E-13  6.844525E-14
135  1.108516E-13 -1.313186E-14 -1.026956E-13
136  1.560852E-13  9.099492E-14 -8.476553E-14
137  9.693347E-14  1.014487E-12  5.197925E-14
138  4.110117E-13 -1.531803E-12 -1.990075E-13
139 -1.547980E-14  6.651363E-13  7.649437E-14
140 -1.259583E-13  1.159293E-12 -9.586776E-14
141 -3.404262E-13  3.716909E-12 -6.000755E-14
142  5.312461E-14 -4.256734E-12  6.727952E-14
143  6.129060E-14 -2.304294E-12 -7.077672E-14
144  4.740609E-13  1.754388E-12  7.310819E-14
145 -1.285351E-12 -5.309801E-12  6.085410E-13
146 -3.198710E-13  1.623441E-13 -3.111955E-13
147  3.060265E-13 -5.740269E-12  4.970468E-13
148 -5.931588E-13 -1.458125E-12  5.247192E-13
149 -6.233230E-14 -5.988952E-12  9.448345E-14
150 -6.788615E-13  4.738191E-12  2.727540E-13
151 -6.798112E-13 -8.433311E-12  7.725764E-13
152  3.060529E-13  1.451558E-12 -2.801093E-13
153 -2.878150E-13 -6.799040E-12  8.621871E-13
154  9.232346E-13 -5.937594E-12  7.200213E-13
155  8.963224E-13 -1.306918E-12 -3.497341E-13
156  1.372008E-12  3.775119E-12 -3.114176E-14
157 -1.262011E-12 -3.544630E-12  3.611096E-13
158  6.388648E-13 -8.388961E-12  9.962196E-13
159  2.183893E-12  3.737073E-12 -8.026340E-13
160  1.382923E-12  1.399233E-12 -2.859367E-12
161  4.291706E-15 -2.932637E-14 -1.332268E-15
162  1.246928E-13 -1.256235E-13  2.353673E-14
163 -1.586008E-13  2.423912E-13 -1.314504E-13
164  9.255075E-14  1.069457E-14 -2.298162E-14
165  9.692854E-14 -2.452066E-13  2.162159E-13
166  7.499882E-14 -9.817997E-13  4.630740E-13
167  3.850761E-13  1.190012E-13 -3.524958E-13
168  2.697389E-13 -2.822898E-13  9.814372E-14
169 -3.487471E-13 -7.808632E-13  2.694511E-13
170 -5.718646E-13 -1.239476E-12 -1.309508E-13
171  4.123880E-13 -4.636382E-12  2.629563E-13
172 -4.336002E-13 -4.367218E-13  3.863576E-13
173 -2.797597E-13 -7.903955E-13 -2.478573E-13
174  2.619469E-13 -3.294795E-13 -2.248202E-14
175  5.377151E-13 -1.576322E-12 -7.449319E-13
176  4.150493E-13 -2.806635E-12 -9.584000E-13
177 -1.527786E-12 -2.042849E-12  6.765422E-13
178  4.815334E-13 -3.042604E-12 -2.112199E-13
179 -2.648261E-13 -1.957153E-12 -1.428357E-12
180 -4.056706E-13  1.617035E-12 -3.292921E-13
181 -1.900715E-14  3.606527E-12 -3.261280E-14
182  8.262065E-13  3.010529E-12  2.726985E-13
183  9.310382E-13 -1.383502E-11 -4.106437E-14
184 -1.827646E-12  2.907017E-12  1.506156E-13
185 -6.301939E-13  1.550388E-12  2.538247E-13
186  4.374613E-12 -5.304479E-12 -2.411578E-13
187 -3.094258E-12 -1.112768E-11  8.056646E-13
188  3.285046E-13  1.772823E-12 -2.895288E-13
189 -2.243405E-13 -6.258062E-12  3.004796E-12
190 -4.942680E-14 -2.540221E-14 -2.146894E-14
191 -8.641192E-14 -7.244092E-13 -4.977962E-14
192 -9.588329E-14 -1.756195E-13  6.494805E-15
193  1.747582E-14 -1.716140E-13 -9.384854E-15
194  3.394298E-14 -2.192376E-13  1.352529E-13
195  9.272834E-14 -1.096605E-12  2.478504E-13
196 -1.340419E-13  6.234898E-13 -1.123407E-13
197  2.076149E-13 -3.564007E-13  1.954088E-13
198  1.414166E-15 -5.625795E-14  6.280393E-14
199  5.366709E-14  2.424855E-13  5.851569E-14
200 -6.468915E-13  2.792994E-13 -2.980879E-13
201  6.794791E-13 -3.970413E-12  2.321312E-13
202 -1.856527E-13 -1.256147E-12 -1.998401E-15
203  7.365769E-13  7.935689E-12 -2.954581E-14
204 -8.779976E-13  1.910223E-12 -2.815456E-13
205  4.903354E-13 -1.364798E-12  1.569621E-13
206  5.794815E-13 -2.247757E-13 -7.815346E-13
207 -5.713875E-13  3.859596E-12 -1.566802E-14
208  6.171494E-13 -1.359375E-12 -1.298857E-13
209  1.888217E-12 -4.141702E-12 -7.533423E-13
210  9.767200E-13  1.137034E-12  5.642362E-13
211 -7.920789E-13 -8.801050E-13  6.345150E-13
212  2.480983E-12 -9.743454E-13 -1.273365E-12
213  1.302664E-13  2.377517E-12 -5.784941E-13
214 -1.857517E-12  1.750672E-12  1.687098E-12
215  8.257014E-13 -1.755790E-11 -1.192475E-13
216 -2.396500E-12  1.722279E-12  3.857474E-13
217  2.982811E-12  3.359153E-13 -6.053590E-13
218  1.064338E-12 -4.104052E-13  3.653746E-13
219 -1.188806E-14 -4.020691E-14 -2.706169E-14
220  2.875664E-14 -6.138354E-13 -1.727212E-13
221 -4.055377E-14 -6.758968E-13  6.869505E-15
222 -9.448676E-14  6.734836E-13  3.973211E-14
223  2.896601E-13 -2.576199E-13  2.314815E-14
224  1.073248E-13 -1.356224E-12 -1.500050E-13
225 -4.143671E-13  4.369931E-13 -4.696937E-14
226 -1.131380E-13  3.599713E-12  1.969345E-13
227  8.022695E-13 -2.131340E-13 -6.510070E-14
228 -4.672312E-14  1.194255E-13  1.646044E-13
229 -5.792300E-13 -8.048033E-15  3.225198E-13
230  1.129919E-13 -2.632278E-13 -1.448702E-13
231  3.368521E-13  1.901012E-13 -5.051376E-13
232 -1.204322E-12  1.969052E-12 -1.278404E-13
233  7.011834E-13 -2.156862E-12 -2.395237E-13
234  2.492687E-13 -1.212759E-12  1.641673E-13
235  6.383855E-13  2.472868E-12 -1.379521E-13
236  2.510070E-13 -6.974059E-12 -4.662104E-13
237 -3.466045E-13 -6.581578E-13 -1.996320E-14
238 -7.168269E-14  6.032241E-12  2.244238E-13
239 -1.339775E-12 -4.258926E-12 -1.327070E-12
240 -4.523778E-13  3.818795E-12  1.947192E-13
241  1.392402E-13 -2.289348E-12  3.340800E-13
242  4.107372E-13  6.659799E-14  2.670572E-13
243  1.906809E-12 -1.782768E-12 -8.270259E-13
244 -2.436837E-12 -1.720256E-11  8.443983E-14
245 -5.610928E-13 -2.412265E-12 -7.148171E-13
246  6.665319E-13  4.849420E-12 -1.075889E-12
247  2.803810E-12  1.466461E-12 -6.406022E-13
248 -1.370237E-12  8.811723E-12 -6.888587E-14
249  1.369854E-12 -2.781570E-12  7.675284E-13
250 -2.034690E-12 -5.779226E-12 -1.314815E-12
251 -2.224411E-12 -1.524733E-12  1.179298E-12
252  1.665110E-12 -3.199680E-12 -1.296845E-12
253  2.896725E-13 -7.022637E-12 -1.001265E-13
254 -1.080634E-12 -6.475831E-14 -1.462563E-13
255 -4.760066E-12 -2.637904E-12  1.289224E-12
256 -2.110126E-12 -3.076988E-11  1.086469E-12
257 -1.174149E-13 -1.578890E-11 -1.727121E-12
258 -2.261458E-12 -9.901483E-12 -1.027173E-12
259  3.823344E-12  4.776225E-12  1.923186E-13
260 -1.480568E-12 -2.252471E-11 -1.259536E-12
261  1.404158E-12 -6.933916E-12  1.331494E-12