1  0.000000E+00  0.000000E+00  0.000000E+00
2  0.000000E+00  0.000000E+00  0.000000E+00
3  0.000000E+00  0.000000E+00  0.000000E+00
4  0.000000E+00  0.000000E+00  0.000000E+00
5 -3.366245E-05  8.722540E-02  8.142272E-03
6  3.366245E-05  8.722540E-02  8.142272E-03
7 -3.366245E-05  8.722540E-02 -8.142272E-03
8  3.366245E-05  8.722540E-02 -8.142272E-03
9  0.000000E+00  0.000000E+00  0.000000E+00
10  0.000000E+00  0.000000E+00  0.000000E+00
11  0.000000E+00  0.000000E+00  0.000000E+00
12  0.000000E+00  0.000000E+00  0.000000E+00
13  0.000000E+00  0.000000E+00  0.000000E+00
14  0.000000E+00  0.000000E+00  0.000000E+00
15  0.000000E+00  0.000000E+00  0.000000E+00
16  0.000000E+00  0.000000E+00  0.000000E+00
17  0.000000E+00  0.000000E+00  0.000000E+00
18  0.000000E+00  0.000000E+00  0.000000E+00
19  0.000000E+00  0.000000E+00  0.000000E+00
20  0.000000E+00  0.000000E+00  0.000000E+00
21 -1.551963E-05  8.716993E-02  8.141800E-03
22  4.767874E-14  8.716593E-02  8.134543E-03
23  1.551963E-05  8.716993E-02  8.141800E-03
24  5.037215E-06  8.718828E-02  4.053956E-03
25  5.154948E-14  8.717013E-02 -4.436181E-15
26 -5.037215E-06  8.718828E-02 -4.053956E-03
27 -1.551963E-05  8.716993E-02 -8.141800E-03
28  5.555960E-14  8.716593E-02 -8.134543E-03
29  1.551963E-05  8.716993E-02 -8.141800E-03
30  5.037215E-06  8.718828E-02 -4.053956E-03
31  5.158017E-14  8.717013E-02  4.655655E-15
32 -5.037215E-06  8.718828E-02  4.053956E-03
33 -2.757857E-04  5.104253E-04  9.015660E-04
34 -2.575521E-04  1.900184E-03  1.828764E-03
35 -2.494543E-04  4.237663E-03  2.699289E-03
36 -2.318412E-04  7.399221E-03  3.505041E-03
37 -2.121797E-04  1.133807E-02  4.239918E-03
38 -1.926968E-04  1.598063E-02  4.916343E-03
39 -1.735100E-04  2.126622E-02  5.525925E-03
40 -1.542758E-04  2.713066E-02  6.074323E-03
41 -1.351491E-04  3.350922E-02  6.554473E-03
42 -1.159723E-04  4.033766E-02  6.973898E-03
43 -9.586576E-05  4.755314E-02  7.325964E-03
44 -7.598456E-05  5.509045E-02  7.617475E-03
45 -5.996901E-05  6.287829E-02  7.840033E-03
46 -4.320432E-05  7.086221E-02  8.001468E-03
47 -8.650185E-06  7.899194E-02  8.097271E-03
48  8.650185E-06  7.899194E-02  8.097271E-03
49  4.320432E-05  7.086221E-02  8.001468E-03
50  5.996901E-05  6.287829E-02  7.840033E-03
51  7.598456E-05  5.509045E-02  7.617475E-03
52  9.586576E-05  4.755314E-02  7.325964E-03
53  1.159723E-04  4.033766E-02  6.973898E-03
54  1.351491E-04  3.350922E-02  6.554473E-03
55  1.542758E-04  2.713066E-02  6.074323E-03
56  1.735100E-04  2.126622E-02  5.525925E-03
57  1.926968E-04  1.598063E-02  4.916343E-03
58  2.121797E-04  1.133807E-02  4.239918E-03
59  2.318412E-04  7.399221E-03  3.505041E-03
60  2.494543E-04  4.237663E-03  2.699289E-03
61  2.575521E-04  1.900184E-03  1.828764E-03
62  2.757857E-04  5.104253E-04  9.015660E-04
63  2.757857E-04  5.104253E-04 -9.015660E-04
64  2.575521E-04  1.900184E-03 -1.828764E-03
65  2.494543E-04  4.237663E-03 -2.699289E-03
66  2.318412E-04  7.399221E-03 -3.505041E-03
67  2.121797E-04  1.133807E-02 -4.239918E-03
68  1.926968E-04  1.598063E-02 -4.916343E-03
69  1.735100E-04  2.126622E-02 -5.525925E-03
70  1.542758E-04  2.713066E-02 -6.074323E-03
71  1.351491E-04  3.350922E-02 -6.554473E-03
72  1.159723E-04  4.033766E-02 -6.973898E-03
73  9.586576E-05  4.755314E-02 -7.325964E-03
74  7.598456E-05  5.509045E-02 -7.617475E-03
75  5.996901E-05  6.287829E-02 -7.840033E-03
76  4.320432E-05  7.086221E-02 -8.001468E-03
77  8.650185E-06  7.899194E-02 -8.097271E-03
78 -2.757857E-04  5.104253E-04 -9.015660E-04
79 -2.575521E-04  1.900184E-03 -1.828764E-03
80 -2.494543E-04  4.237663E-03 -2.699289E-03
81 -2.318412E-04  7.399221E-03 -3.505041E-03
82 -2.121797E-04  1.133807E-02 -4.239918E-03
83 -1.926968E-04  1.598063E-02 -4.916343E-03
84 -1.735100E-04  2.126622E-02 -5.525925E-03
85 -1.542758E-04  2.713066E-02 -6.074323E-03
86 -1.351491E-04  3.350922E-02 -6.554473E-03
87 -1.159723E-04  4.033766E-02 -6.973898E-03
88 -9.586576E-05  4.755314E-02 -7.325964E-03
89 -7.598456E-05  5.509045E-02 -7.617475E-03
90 -5.996901E-05  6.287829E-02 -7.840033E-03
91 -4.320432E-05  7.086221E-02 -8.001468E-03
92 -8.650185E-06  7.899194E-02 -8.097271E-03
93  0.000000E+00  0.000000E+00  0.000000E+00
94  0.000000E+00  0.000000E+00  0.000000E+00
95  0.000000E+00  0.000000E+00  0.000000E+00
96  0.000000E+00  0.000000E+00  0.000000E+00
97  0.000000E+00  0.000000E+00  0.000000E+00
98  4.963437E-14  8.715337E-02  4.058430E-03
99  5.160070E-14  8.715218E-02  2.381656E-15
100  5.159854E-14  8.714410E-02  9.830771E-17
101  5.156563E-14  8.715218E-02 -2.174584E-15
102  5.354095E-14  8.715337E-02 -4.058430E-03
103 -1.773009E-16  6.354721E-04  8.737229E-04
104  1.273210E-04  2.009109E-03  1.834798E-03
105  2.982843E-16  2.034607E-03  1.844734E-03
106 -1.273210E-04  2.009109E-03  1.834798E-03
107  1.307548E-15  4.362302E-03  2.704113E-03
108  1.161473E-04  7.484319E-03  3.509591E-03
109  2.838821E-15  7.515697E-03  3.508643E-03
110 -1.161473E-04  7.484319E-03  3.509591E-03
111  4.831826E-15  1.144388E-02  4.244212E-03
112  9.628354E-05  1.605353E-02  4.920678E-03
113  7.241739E-15  1.607716E-02  4.920804E-03
114 -9.628354E-05  1.605353E-02  4.920678E-03
115  1.006909E-14  2.135299E-02  5.530280E-03
116  7.716321E-05  2.718828E-02  6.078620E-03
117  1.326888E-14  2.720776E-02  6.078602E-03
118 -7.716321E-05  2.718828E-02  6.078620E-03
119  1.689562E-14  3.357684E-02  6.558808E-03
120  5.794361E-05  4.038158E-02  6.978385E-03
121  2.081051E-14  4.039574E-02  6.978322E-03
122 -5.794361E-05  4.038158E-02  6.978385E-03
123  2.489558E-14  4.760088E-02  7.330320E-03
124  3.813798E-05  5.511713E-02  7.621403E-03
125  2.921188E-14  5.512765E-02  7.621456E-03
126 -3.813798E-05  5.511713E-02  7.621403E-03
127  3.373308E-14  6.290927E-02  7.844263E-03
128  2.104144E-05  7.088356E-02  8.007003E-03
129  3.849525E-14  7.088275E-02  8.007168E-03
130 -2.104144E-05  7.088356E-02  8.007003E-03
131  4.305107E-14  7.899423E-02  8.101350E-03
132  4.125118E-16  3.549981E-04 -5.567785E-16
133 -1.293800E-04  1.798726E-03  9.048814E-04
134  1.306870E-15  1.784778E-03 -1.168620E-15
135  1.293800E-04  1.798726E-03 -9.048814E-04
136  2.779442E-15  4.109478E-03 -1.697783E-15
137 -1.158173E-04  7.316772E-03  1.741460E-03
138  4.759275E-15  7.286886E-03 -2.189702E-15
139  1.158173E-04  7.316772E-03 -1.741460E-03
140  7.186146E-15  1.123179E-02 -2.629949E-15
141 -9.639016E-05  1.590768E-02  2.448337E-03
142  1.005512E-14  1.588430E-02 -3.031006E-15
143  9.639016E-05  1.590768E-02 -2.448337E-03
144  1.325632E-14  2.117938E-02 -3.368670E-15
145 -7.714973E-05  2.707295E-02  3.026900E-03
146  1.682994E-14  2.705353E-02 -3.678175E-15
147  7.714973E-05  2.707295E-02 -3.026900E-03
148  2.064975E-14  3.344185E-02 -3.930673E-15
149 -5.784965E-05  4.029451E-02  3.476880E-03
150  2.473771E-14  4.028007E-02 -4.111955E-15
151  5.784965E-05  4.029451E-02 -3.476880E-03
152  2.896658E-14  4.750447E-02 -4.255521E-15
153 -3.861868E-05  5.506007E-02  3.798353E-03
154  3.338649E-14  5.505014E-02 -4.352638E-15
155  3.861868E-05  5.506007E-02 -3.798353E-03
156  3.784902E-14  6.285159E-02 -4.464961E-15
157 -1.894907E-05  7.085120E-02  3.991406E-03
158  4.248078E-14  7.084516E-02 -4.491741E-15
159  1.894907E-05  7.085120E-02 -3.991406E-03
160  4.703213E-14  7.897753E-02 -4.511563E-15
161  6.460490E-16  6.354721E-04 -8.737229E-04
162  1.273210E-04  2.009109E-03 -1.834798E-03
163  2.000976E-15  2.034607E-03 -1.844734E-03
164 -1.273210E-04  2.009109E-03 -1.834798E-03
165  3.937927E-15  4.362302E-03 -2.704113E-03
166  1.161473E-04  7.484319E-03 -3.509591E-03
167  6.395980E-15  7.515697E-03 -3.508643E-03
168 -1.161473E-04  7.484319E-03 -3.509591E-03
169  9.283517E-15  1.144388E-02 -4.244212E-03
170  9.628354E-05  1.605353E-02 -4.920678E-03
171  1.259513E-14  1.607716E-02 -4.920804E-03
172 -9.628354E-05  1.605353E-02 -4.920678E-03
173  1.624352E-14  2.135299E-02 -5.530280E-03
174  7.716321E-05  2.718828E-02 -6.078620E-03
175  2.020249E-14  2.720776E-02 -6.078602E-03
176 -7.716321E-05  2.718828E-02 -6.078620E-03
177  2.428007E-14  3.357684E-02 -6.558808E-03
178  5.794361E-05  4.038158E-02 -6.978385E-03
179  2.857090E-14  4.039574E-02 -6.978322E-03
180 -5.794361E-05  4.038158E-02 -6.978385E-03
181  3.295835E-14  4.760088E-02 -7.330320E-03
182  3.813798E-05  5.511713E-02 -7.621403E-03
183  3.740758E-14  5.512765E-02 -7.621456E-03
184 -3.813798E-05  5.511713E-02 -7.621403E-03
185  4.189010E-14  6.290927E-02 -7.844263E-03
186  2.104144E-05  7.088356E-02 -8.007003E-03
187  4.641375E-14  7.088275E-02 -8.007168E-03
188 -2.104144E-05  7.088356E-02 -8.007003E-03
189  5.102646E-14  7.899423E-02 -8.101350E-03
190  4.110314E-16  3.549981E-04  5.545420E-16
191 -1.293800E-04  1.798726E-03 -9.048814E-04
192  1.303509E-15  1.784778E-03  1.165694E-15
193  1.293800E-04  1.798726E-03  9.048814E-04
194  2.776506E-15  4.109478E-03  1.695204E-15
195 -1.158173E-04  7.316772E-03 -1.741460E-03
196  4.750998E-15  7.286886E-03  2.174054E-15
197  1.158173E-04  7.316772E-03  1.741460E-03
198  7.178828E-15  1.123179E-02  2.610937E-15
199 -9.639016E-05  1.590768E-02 -2.448337E-03
200  1.000324E-14  1.588430E-02  2.992195E-15
201  9.639016E-05  1.590768E-02  2.448337E-03
202  1.324479E-14  2.117938E-02  3.348491E-15
203 -7.714973E-05  2.707295E-02 -3.026900E-03
204  1.677022E-14  2.705353E-02  3.657448E-15
205  7.714973E-05  2.707295E-02  3.026900E-03
206  2.066922E-14  3.344185E-02  3.914017E-15
207 -5.784965E-05  4.029451E-02 -3.476880E-03
208  2.474629E-14  4.028007E-02  4.139267E-15
209  5.784965E-05  4.029451E-02  3.476880E-03
210  2.900728E-14  4.750447E-02  4.291652E-15
211 -3.861868E-05  5.506007E-02 -3.798353E-03
212  3.337420E-14  5.505014E-02  4.448471E-15
213  3.861868E-05  5.506007E-02  3.798353E-03
214  3.783952E-14  6.285159E-02  4.593737E-15
215 -1.894907E-05  7.085120E-02 -3.991406E-03
216  4.239911E-14  7.084516E-02  4.668304E-15
217  1.894907E-05  7.085120E-02  3.991406E-03
218  4.703253E-14  7.897753E-02  4.663440E-15
219  3.127198E-16  4.790029E-04 -8.360309E-19
220  7.917525E-16  1.927591E-03  9.101551E-04
221  1.238114E-15  1.889957E-03  5.731489E-16
222  1.229661E-15  1.911123E-03 -1.377276E-18
223  1.240761E-15  1.889957E-03 -5.748237E-16
224  1.641292E-15  1.927591E-03 -9.101551E-04
225  2.698688E-15  4.234398E-03 -3.171291E-18
226  3.777709E-15  7.432819E-03  1.745939E-03
227  4.702158E-15  7.370935E-03  1.080369E-15
228  4.683672E-15  7.401638E-03 -6.386146E-19
229  4.706901E-15  7.370935E-03 -1.089078E-15
230  5.555708E-15  7.432819E-03 -1.745939E-03
231  7.120355E-15  1.133802E-02 -1.319455E-17
232  8.616345E-15  1.600397E-02  2.452216E-03
233  9.966149E-15  1.595715E-02  1.488311E-15
234  9.970052E-15  1.598061E-02 -9.489086E-18
235  1.000390E-14  1.595715E-02 -1.513586E-15
236  1.129628E-14  1.600397E-02 -2.452216E-03
237  1.319891E-14  2.126614E-02 -1.483056E-17
238  1.503507E-14  2.715013E-02  3.030886E-03
239  1.673791E-14  2.711121E-02  1.811234E-15
240  1.675670E-14  2.713065E-02 -1.073360E-17
241  1.679774E-14  2.711121E-02 -1.841219E-15
242  1.848951E-14  2.715013E-02 -3.030886E-03
243  2.063080E-14  3.350940E-02 -3.035766E-18
244  2.276282E-14  4.035237E-02  3.480859E-03
245  2.472521E-14  4.032361E-02  2.058466E-15
246  2.470734E-14  4.033801E-02 -3.825148E-18
247  2.470333E-14  4.032361E-02 -2.052449E-15
248  2.663491E-14  4.035237E-02 -3.480859E-03
249  2.896294E-14  4.755246E-02  1.173649E-17
250  3.127880E-14  5.509837E-02  3.802346E-03
251  3.334919E-14  5.507866E-02  2.240350E-15
252  3.333629E-14  5.508845E-02  3.436780E-17
253  3.336567E-14  5.507866E-02 -2.152121E-15
254  3.538257E-14  5.509837E-02 -3.802346E-03
255  3.783866E-14  6.288120E-02  7.524363E-17
256  4.045522E-14  7.086911E-02  3.995341E-03
257  4.241833E-14  7.086077E-02  2.350139E-15
258  4.241906E-14  7.086458E-02  5.946171E-17
259  4.244174E-14  7.086077E-02 -2.210932E-15
260  4.442280E-14  7.086911E-02 -3.995341E-03
261  4.703703E-14  7.898187E-02  9.599235E-17