1  0.000000E+00  0.000000E+00  0.000000E+00
2  0.000000E+00  0.000000E+00  0.000000E+00
3  0.000000E+00  0.000000E+00  0.000000E+00
4  0.000000E+00  0.000000E+00  0.000000E+00
5 -9.061224E+02  7.922332E+03  5.995306E+02
6 -9.059905E+02  7.922316E+03  7.543732E+02
7 -9.061224E+02  7.922332E+03 -5.995306E+02
8 -9.059905E+02  7.922316E+03 -7.543732E+02
9  0.000000E+00  0.000000E+00  0.000000E+00
10  0.000000E+00  0.000000E+00  0.000000E+00
11  0.000000E+00  0.000000E+00  0.000000E+00
12  0.000000E+00  0.000000E+00  0.000000E+00
13  0.000000E+00  0.000000E+00  0.000000E+00
14  0.000000E+00  0.000000E+00  0.000000E+00
15  0.000000E+00  0.000000E+00  0.000000E+00
16  0.000000E+00  0.000000E+00  0.000000E+00
17  0.000000E+00  0.000000E+00  0.000000E+00
18  0.000000E+00  0.000000E+00  0.000000E+00
19  0.000000E+00  0.000000E+00  0.000000E+00
20  0.000000E+00  0.000000E+00  0.000000E+00
21 -9.060812E+02  7.922314E+03  6.383164E+02
22 -9.060485E+02  7.922338E+03  6.770531E+02
23 -9.060289E+02  7.922308E+03  7.157282E+02
24 -9.060300E+02  7.922309E+03  4.158637E+02
25 -9.060581E+02  7.922255E+03  7.743287E+01
26 -9.060800E+02  7.922315E+03 -2.610050E+02
27 -9.060812E+02  7.922314E+03 -6.383164E+02
28 -9.060485E+02  7.922338E+03 -6.770531E+02
29 -9.060289E+02  7.922308E+03 -7.157282E+02
30 -9.060300E+02  7.922309E+03 -4.158637E+02
31 -9.060581E+02  7.922255E+03 -7.743287E+01
32 -9.060800E+02  7.922315E+03  2.610050E+02
33 -3.508439E+01  5.939168E+01  1.055738E+02
34 -4.921148E+01  2.065775E+02  2.116121E+02
35 -7.540674E+01  4.497623E+02  3.077343E+02
36 -1.097845E+02  7.728618E+02  3.935849E+02
37 -1.523162E+02  1.168571E+03  4.682923E+02
38 -2.020526E+02  1.626780E+03  5.337855E+02
39 -2.581023E+02  2.138875E+03  5.890690E+02
40 -3.194009E+02  2.696195E+03  6.354585E+02
41 -3.851061E+02  3.290433E+03  6.724358E+02
42 -4.542699E+02  3.913784E+03  7.016547E+02
43 -5.262311E+02  4.559073E+03  7.229770E+02
44 -6.001454E+02  5.219899E+03  7.380794E+02
45 -6.755734E+02  5.890649E+03  7.472827E+02
46 -7.518434E+02  6.566753E+03  7.523487E+02
47 -8.288208E+02  7.244700E+03  7.541457E+02
48 -8.282890E+02  7.244639E+03  5.993498E+02
49 -7.501812E+02  6.566563E+03  5.979216E+02
50 -6.717747E+02  5.890215E+03  5.938955E+02
51 -5.937445E+02  5.219166E+03  5.865812E+02
52 -5.164608E+02  4.557956E+03  5.745788E+02
53 -4.407730E+02  3.912240E+03  5.576331E+02
54 -3.672982E+02  3.288396E+03  5.344117E+02
55 -2.970205E+02  2.693635E+03  5.050243E+02
56 -2.307759E+02  2.135750E+03  4.681567E+02
57 -1.696249E+02  1.623072E+03  4.242207E+02
58 -1.144820E+02  1.164244E+03  3.721706E+02
59 -6.642893E+01  7.679033E+02  3.127977E+02
60 -2.683434E+01  4.442072E+02  2.445688E+02
61  2.638161E+00  2.006476E+02  1.681766E+02
62  2.224935E+01  5.283456E+01  8.390371E+01
63  2.224935E+01  5.283456E+01 -8.390371E+01
64  2.638161E+00  2.006476E+02 -1.681766E+02
65 -2.683434E+01  4.442072E+02 -2.445688E+02
66 -6.642893E+01  7.679033E+02 -3.127977E+02
67 -1.144820E+02  1.164244E+03 -3.721706E+02
68 -1.696249E+02  1.623072E+03 -4.242207E+02
69 -2.307759E+02  2.135750E+03 -4.681567E+02
70 -2.970205E+02  2.693635E+03 -5.050243E+02
71 -3.672982E+02  3.288396E+03 -5.344117E+02
72 -4.407730E+02  3.912240E+03 -5.576331E+02
73 -5.164608E+02  4.557956E+03 -5.745788E+02
74 -5.937445E+02  5.219166E+03 -5.865812E+02
75 -6.717747E+02  5.890215E+03 -5.938955E+02
76 -7.501812E+02  6.566563E+03 -5.979216E+02
77 -8.282890E+02  7.244639E+03 -5.993498E+02
78 -3.508439E+01  5.939168E+01 -1.055738E+02
79 -4.921148E+01  2.065775E+02 -2.116121E+02
80 -7.540674E+01  4.497623E+02 -3.077343E+02
81 -1.097845E+02  7.728618E+02 -3.935849E+02
82 -1.523162E+02  1.168571E+03 -4.682923E+02
83 -2.020526E+02  1.626780E+03 -5.337855E+02
84 -2.581023E+02  2.138875E+03 -5.890690E+02
85 -3.194009E+02  2.696195E+03 -6.354585E+02
86 -3.851061E+02  3.290433E+03 -6.724358E+02
87 -4.542699E+02  3.913784E+03 -7.016547E+02
88 -5.262311E+02  4.559073E+03 -7.229770E+02
89 -6.001454E+02  5.219899E+03 -7.380794E+02
90 -6.755734E+02  5.890649E+03 -7.472827E+02
91 -7.518434E+02  6.566753E+03 -7.523487E+02
92 -8.288208E+02  7.244700E+03 -7.541457E+02
93  0.000000E+00  0.000000E+00  0.000000E+00
94  0.000000E+00  0.000000E+00  0.000000E+00
95  0.000000E+00  0.000000E+00  0.000000E+00
96  0.000000E+00  0.000000E+00  0.000000E+00
97  0.000000E+00  0.000000E+00  0.000000E+00
98 -9.060497E+02  7.922343E+03  3.384998E+02
99 -9.060586E+02  7.922265E+03 -3.871338E+01
100 -9.060537E+02  7.922299E+03 -2.045610E-13
101 -9.060586E+02  7.922265E+03  3.871338E+01
102 -9.060497E+02  7.922343E+03 -3.384998E+02
103 -4.580490E+00  6.908879E+01  9.194187E+01
104 -9.307803E+00  2.131713E+02  1.800390E+02
105 -2.197133E+01  2.171839E+02  1.917549E+02
106 -3.492707E+01  2.161479E+02  2.014146E+02
107 -4.968654E+01  4.591192E+02  2.768281E+02
108 -7.636794E+01  7.770706E+02  3.338083E+02
109 -8.690847E+01  7.812791E+02  3.537340E+02
110 -9.809392E+01  7.795492E+02  3.738518E+02
111 -1.323131E+02  1.175833E+03  4.208357E+02
112 -1.770332E+02  1.630143E+03  4.523579E+02
113 -1.849099E+02  1.633054E+03  4.796043E+02
114 -1.932352E+02  1.631998E+03  5.068308E+02
115 -2.436535E+02  2.144146E+03  5.291815E+02
116 -3.021352E+02  2.698452E+03  5.383141E+02
117 -3.075691E+02  2.700514E+03  5.707716E+02
118 -3.133306E+02  2.699733E+03  6.032416E+02
119 -3.756871E+02  3.293862E+03  6.039224E+02
120 -4.438546E+02  3.915153E+03  5.942137E+02
121 -4.471306E+02  3.916393E+03  6.300946E+02
122 -4.506053E+02  3.915927E+03  6.659831E+02
123 -5.210586E+02  4.560953E+03  6.491765E+02
124 -5.952038E+02  5.220539E+03  6.248845E+02
125 -5.967558E+02  5.221140E+03  6.626635E+02
126 -5.984083E+02  5.220907E+03  7.004528E+02
127 -6.735546E+02  5.891375E+03  6.708562E+02
128 -7.505558E+02  6.566911E+03  6.367609E+02
129 -7.509566E+02  6.567085E+03  6.753201E+02
130 -7.513924E+02  6.567010E+03  7.138763E+02
131 -8.285297E+02  7.244798E+03  6.768552E+02
132 -7.901513E+00  4.005062E+01  1.051516E+01
133 -3.756315E+01  1.948541E+02  1.152644E+02
134 -2.483878E+01  1.921116E+02  2.193054E+01
135 -1.153701E+01  1.919241E+02 -7.163848E+01
136 -5.250832E+01  4.344463E+02  3.166014E+01
137 -9.984918E+01  7.639671E+02  2.155314E+02
138 -8.935295E+01  7.599052E+02  4.045568E+01
139 -7.817756E+01  7.614824E+02 -1.345981E+02
140 -1.344771E+02  1.156912E+03  4.812993E+01
141 -1.946551E+02  1.619692E+03  2.929986E+02
142 -1.867684E+02  1.616804E+03  5.485115E+01
143 -1.784278E+02  1.617839E+03 -1.832985E+02
144 -2.452206E+02  2.130443E+03  6.052117E+01
145 -3.142880E+02  2.691377E+03  3.491334E+02
146 -3.088510E+02  2.689305E+03  6.527773E+01
147 -3.030890E+02  2.690097E+03 -2.185765E+02
148 -3.767108E+02  3.284911E+03  6.906910E+01
149 -4.511943E+02  3.910849E+03  3.858290E+02
150 -4.479081E+02  3.909595E+03  7.206235E+01
151 -4.444269E+02  3.910077E+03 -2.417035E+02
152 -5.216249E+02  4.556001E+03  7.424471E+01
153 -5.986928E+02  5.218501E+03  4.061625E+02
154 -5.971288E+02  5.217878E+03  7.578718E+01
155 -5.954694E+02  5.218135E+03 -2.545870E+02
156 -6.737819E+02  5.889388E+03  7.672415E+01
157 -7.514785E+02  6.566371E+03  4.143734E+02
158 -7.510612E+02  6.566170E+03  7.723468E+01
159 -7.506153E+02  6.566276E+03 -2.599044E+02
160 -8.285695E+02  7.244450E+03  7.741025E+01
161 -4.580490E+00  6.908879E+01 -9.194187E+01
162 -9.307803E+00  2.131713E+02 -1.800390E+02
163 -2.197133E+01  2.171839E+02 -1.917549E+02
164 -3.492707E+01  2.161479E+02 -2.014146E+02
165 -4.968654E+01  4.591192E+02 -2.768281E+02
166 -7.636794E+01  7.770706E+02 -3.338083E+02
167 -8.690847E+01  7.812791E+02 -3.537340E+02
168 -9.809392E+01  7.795492E+02 -3.738518E+02
169 -1.323131E+02  1.175833E+03 -4.208357E+02
170 -1.770332E+02  1.630143E+03 -4.523579E+02
171 -1.849099E+02  1.633054E+03 -4.796043E+02
172 -1.932352E+02  1.631998E+03 -5.068308E+02
173 -2.436535E+02  2.144146E+03 -5.291815E+02
174 -3.021352E+02  2.698452E+03 -5.383141E+02
175 -3.075691E+02  2.700514E+03 -5.707716E+02
176 -3.133306E+02  2.699733E+03 -6.032416E+02
177 -3.756871E+02  3.293862E+03 -6.039224E+02
178 -4.438546E+02  3.915153E+03 -5.942137E+02
179 -4.471306E+02  3.916393E+03 -6.300946E+02
180 -4.506053E+02  3.915927E+03 -6.659831E+02
181 -5.210586E+02  4.560953E+03 -6.491765E+02
182 -5.952038E+02  5.220539E+03 -6.248845E+02
183 -5.967558E+02  5.221140E+03 -6.626635E+02
184 -5.984083E+02  5.220907E+03 -7.004528E+02
185 -6.735546E+02  5.891375E+03 -6.708562E+02
186 -7.505558E+02  6.566911E+03 -6.367609E+02
187 -7.509566E+02  6.567085E+03 -6.753201E+02
188 -7.513924E+02  6.567010E+03 -7.138763E+02
189 -8.285297E+02  7.244798E+03 -6.768552E+02
190 -7.901513E+00  4.005062E+01 -1.051516E+01
191 -3.756315E+01  1.948541E+02 -1.152644E+02
192 -2.483878E+01  1.921116E+02 -2.193054E+01
193 -1.153701E+01  1.919241E+02  7.163848E+01
194 -5.250832E+01  4.344463E+02 -3.166014E+01
195 -9.984918E+01  7.639671E+02 -2.155314E+02
196 -8.935295E+01  7.599052E+02 -4.045568E+01
197 -7.817756E+01  7.614824E+02  1.345981E+02
198 -1.344771E+02  1.156912E+03 -4.812993E+01
199 -1.946551E+02  1.619692E+03 -2.929986E+02
200 -1.867684E+02  1.616804E+03 -5.485115E+01
201 -1.784278E+02  1.617839E+03  1.832985E+02
202 -2.452206E+02  2.130443E+03 -6.052117E+01
203 -3.142880E+02  2.691377E+03 -3.491334E+02
204 -3.088510E+02  2.689305E+03 -6.527773E+01
205 -3.030890E+02  2.690097E+03  2.185765E+02
206 -3.767108E+02  3.284911E+03 -6.906910E+01
207 -4.511943E+02  3.910849E+03 -3.858290E+02
208 -4.479081E+02  3.909595E+03 -7.206235E+01
209 -4.444269E+02  3.910077E+03  2.417035E+02
210 -5.216249E+02  4.556001E+03 -7.424471E+01
211 -5.986928E+02  5.218501E+03 -4.061625E+02
212 -5.971288E+02  5.217878E+03 -7.578718E+01
213 -5.954694E+02  5.218135E+03  2.545870E+02
214 -6.737819E+02  5.889388E+03 -7.672415E+01
215 -7.514785E+02  6.566371E+03 -4.143734E+02
216 -7.510612E+02  6.566170E+03 -7.723468E+01
217 -7.506153E+02  6.566276E+03  2.599044E+02
218 -8.285695E+02  7.244450E+03 -7.741025E+01
219 -6.047094E+00  5.287423E+01 -5.897947E-13
220 -2.318788E+01  2.063683E+02  9.418197E+01
221 -2.360183E+01  2.027488E+02 -1.077136E+01
222 -2.342504E+01  2.048225E+02 -1.222177E-12
223 -2.360183E+01  2.027488E+02  1.077136E+01
224 -2.318788E+01  2.063683E+02 -9.418197E+01
225 -5.107814E+01  4.466141E+02 -1.885342E-12
226 -8.780372E+01  7.735818E+02  1.756834E+02
227 -8.847263E+01  7.677331E+02 -2.009248E+01
228 -8.813504E+01  7.706300E+02 -2.120887E-12
229 -8.847263E+01  7.677331E+02  2.009248E+01
230 -8.780372E+01  7.735818E+02 -1.756834E+02
231 -1.333974E+02  1.166392E+03 -4.114361E-12
232 -1.856130E+02  1.626876E+03  2.386803E+02
233 -1.860618E+02  1.622952E+03 -2.729727E+01
234 -1.858380E+02  1.624920E+03 -4.422223E-12
235 -1.860618E+02  1.622952E+03  2.729727E+01
236 -1.856130E+02  1.626876E+03 -2.386803E+02
237 -2.444363E+02  2.137288E+03 -5.212473E-12
238 -3.080480E+02  2.696348E+03  2.843474E+02
239 -3.083746E+02  2.693492E+03 -3.252010E+01
240 -3.082111E+02  2.694918E+03 -7.222125E-12
241 -3.083746E+02  2.693492E+03  3.252010E+01
242 -3.080480E+02  2.696348E+03 -2.843474E+02
243 -3.761984E+02  3.289382E+03 -7.154379E-12
244 -4.474222E+02  3.913859E+03  3.141806E+02
245 -4.476183E+02  3.912144E+03 -3.593205E+01
246 -4.475202E+02  3.913001E+03 -8.745075E-12
247 -4.476183E+02  3.912144E+03  3.593205E+01
248 -4.474222E+02  3.913859E+03 -3.141806E+02
249 -5.213409E+02  4.558470E+03 -9.747965E-12
250 -5.968950E+02  5.219947E+03  3.306833E+02
251 -5.969924E+02  5.219096E+03 -3.781942E+01
252 -5.969436E+02  5.219521E+03 -7.311355E-12
253 -5.969924E+02  5.219096E+03  3.781942E+01
254 -5.968950E+02  5.219947E+03 -3.306833E+02
255 -6.736671E+02  5.890371E+03 -3.492539E-12
256 -7.509954E+02  6.566781E+03  3.373072E+02
257 -7.510264E+02  6.566509E+03 -3.857699E+01
258 -7.510108E+02  6.566645E+03 -2.023323E-12
259 -7.510264E+02  6.566509E+03  3.857699E+01
260 -7.509954E+02  6.566781E+03 -3.373072E+02
261 -8.285483E+02  7.244613E+03  1.979386E-13