1, 1.600000e+00, 1.600000e+00, 0.000000e+00
2, 1.800000e+00, 1.600000e+00, 0.000000e+00
3, 2.000000e+00, 1.600000e+00, 0.000000e+00
4, 2.200000e+00, 1.600000e+00, 0.000000e+00
5, 2.400000e+00, 1.600000e+00, 0.000000e+00
6, 2.600000e+00, 1.600000e+00, 0.000000e+00
7, 2.800000e+00, 1.600000e+00, 0.000000e+00
8, 3.000000e+00, 1.600000e+00, 0.000000e+00
9, 3.200000e+00, 1.600000e+00, 0.000000e+00
10, 3.400000e+00, 1.600000e+00, 0.000000e+00
11, 3.600000e+00, 1.600000e+00, 0.000000e+00
12, 1.600000e+00, 1.800000e+00, 0.000000e+00
13, 2.000000e+00, 1.800000e+00, 0.000000e+00
14, 2.400000e+00, 1.800000e+00, 0.000000e+00
15, 2.800000e+00, 1.800000e+00, 0.000000e+00
16, 3.200000e+00, 1.800000e+00, 0.000000e+00
17, 3.600000e+00, 1.800000e+00, 0.000000e+00
18, 1.600000e+00, 2.000000e+00, 0.000000e+00
19, 1.800000e+00, 2.000000e+00, 0.000000e+00
20, 2.000000e+00, 2.000000e+00, 0.000000e+00
21, 2.200000e+00, 2.000000e+00, 0.000000e+00
22, 2.400000e+00, 2.000000e+00, 0.000000e+00
23, 2.600000e+00, 2.000000e+00, 0.000000e+00
24, 2.800000e+00, 2.000000e+00, 0.000000e+00
25, 3.000000e+00, 2.000000e+00, 0.000000e+00
26, 3.200000e+00, 2.000000e+00, 0.000000e+00
27, 3.400000e+00, 2.000000e+00, 0.000000e+00
28, 3.600000e+00, 2.000000e+00, 0.000000e+00
29, 1.600000e+00, 2.200000e+00, 0.000000e+00
30, 2.000000e+00, 2.200000e+00, 0.000000e+00
31, 2.400000e+00, 2.200000e+00, 0.000000e+00
32, 2.800000e+00, 2.200000e+00, 0.000000e+00
33, 3.200000e+00, 2.200000e+00, 0.000000e+00
34, 3.600000e+00, 2.200000e+00, 0.000000e+00
35, 1.600000e+00, 2.400000e+00, 0.000000e+00
36, 1.800000e+00, 2.400000e+00, 0.000000e+00
37, 2.000000e+00, 2.400000e+00, 0.000000e+00
38, 2.200000e+00, 2.400000e+00, 0.000000e+00
39, 2.400000e+00, 2.400000e+00, 0.000000e+00
40, 2.600000e+00, 2.400000e+00, 0.000000e+00
41, 2.800000e+00, 2.400000e+00, 0.000000e+00
42, 3.000000e+00, 2.400000e+00, 0.000000e+00
43, 3.200000e+00, 2.400000e+00, 0.000000e+00
44, 3.400000e+00, 2.400000e+00, 0.000000e+00
45, 3.600000e+00, 2.400000e+00, 0.000000e+00
46, 1.600000e+00, 2.600000e+00, 0.000000e+00
47, 2.000000e+00, 2.600000e+00, 0.000000e+00
48, 2.400000e+00, 2.600000e+00, 0.000000e+00
49, 2.800000e+00, 2.600000e+00, 0.000000e+00
50, 3.200000e+00, 2.600000e+00, 0.000000e+00
51, 3.600000e+00, 2.600000e+00, 0.000000e+00
52, 1.600000e+00, 2.800000e+00, 0.000000e+00
53, 1.800000e+00, 2.800000e+00, 0.000000e+00
54, 2.000000e+00, 2.800000e+00, 0.000000e+00
55, 2.200000e+00, 2.800000e+00, 0.000000e+00
56, 2.400000e+00, 2.800000e+00, 0.000000e+00
57, 2.600000e+00, 2.800000e+00, 0.000000e+00
58, 2.800000e+00, 2.800000e+00, 0.000000e+00
59, 3.000000e+00, 2.800000e+00, 0.000000e+00
60, 3.200000e+00, 2.800000e+00, 0.000000e+00
61, 3.400000e+00, 2.800000e+00, 0.000000e+00
62, 3.600000e+00, 2.800000e+00, 0.000000e+00
63, 1.600000e+00, 3.000000e+00, 0.000000e+00
64, 2.000000e+00, 3.000000e+00, 0.000000e+00
65, 2.400000e+00, 3.000000e+00, 0.000000e+00
66, 2.800000e+00, 3.000000e+00, 0.000000e+00
67, 3.200000e+00, 3.000000e+00, 0.000000e+00
68, 3.600000e+00, 3.000000e+00, 0.000000e+00
69, 1.600000e+00, 3.200000e+00, 0.000000e+00
70, 1.800000e+00, 3.200000e+00, 0.000000e+00
71, 2.000000e+00, 3.200000e+00, 0.000000e+00
72, 2.200000e+00, 3.200000e+00, 0.000000e+00
73, 2.400000e+00, 3.200000e+00, 0.000000e+00
74, 2.600000e+00, 3.200000e+00, 0.000000e+00
75, 2.800000e+00, 3.200000e+00, 0.000000e+00
76, 3.000000e+00, 3.200000e+00, 0.000000e+00
77, 3.200000e+00, 3.200000e+00, 0.000000e+00
78, 3.400000e+00, 3.200000e+00, 0.000000e+00
79, 3.600000e+00, 3.200000e+00, 0.000000e+00
80, 1.600000e+00, 3.400000e+00, 0.000000e+00
81, 2.000000e+00, 3.400000e+00, 0.000000e+00
82, 2.400000e+00, 3.400000e+00, 0.000000e+00
83, 2.800000e+00, 3.400000e+00, 0.000000e+00
84, 3.200000e+00, 3.400000e+00, 0.000000e+00
85, 3.600000e+00, 3.400000e+00, 0.000000e+00
86, 1.600000e+00, 3.600000e+00, 0.000000e+00
87, 1.800000e+00, 3.600000e+00, 0.000000e+00
88, 2.000000e+00, 3.600000e+00, 0.000000e+00
89, 2.200000e+00, 3.600000e+00, 0.000000e+00
90, 2.400000e+00, 3.600000e+00, 0.000000e+00
91, 2.600000e+00, 3.600000e+00, 0.000000e+00
92, 2.800000e+00, 3.600000e+00, 0.000000e+00
93, 3.000000e+00, 3.600000e+00, 0.000000e+00
94, 3.200000e+00, 3.600000e+00, 0.000000e+00
95, 3.400000e+00, 3.600000e+00, 0.000000e+00
96, 3.600000e+00, 3.600000e+00, 0.000000e+00
97, 1.600000e+00, 1.600000e+00, 3.137500e-02
98, 2.000000e+00, 1.600000e+00, 3.137500e-02
99, 2.400000e+00, 1.600000e+00, 3.137500e-02
100, 2.800000e+00, 1.600000e+00, 3.137500e-02
101, 3.200000e+00, 1.600000e+00, 3.137500e-02
102, 3.600000e+00, 1.600000e+00, 3.137500e-02
103, 1.600000e+00, 2.000000e+00, 3.137500e-02
104, 2.000000e+00, 2.000000e+00, 3.137500e-02
105, 2.400000e+00, 2.000000e+00, 3.137500e-02
106, 2.800000e+00, 2.000000e+00, 3.137500e-02
107, 3.200000e+00, 2.000000e+00, 3.137500e-02
108, 3.600000e+00, 2.000000e+00, 3.137500e-02
109, 1.600000e+00, 2.400000e+00, 3.137500e-02
110, 2.000000e+00, 2.400000e+00, 3.137500e-02
111, 2.400000e+00, 2.400000e+00, 3.137500e-02
112, 2.800000e+00, 2.400000e+00, 3.137500e-02
113, 3.200000e+00, 2.400000e+00, 3.137500e-02
114, 3.600000e+00, 2.400000e+00, 3.137500e-02
115, 1.600000e+00, 2.800000e+00, 3.137500e-02
116, 2.000000e+00, 2.800000e+00, 3.137500e-02
117, 2.400000e+00, 2.800000e+00, 3.137500e-02
118, 2.800000e+00, 2.800000e+00, 3.137500e-02
119, 3.200000e+00, 2.800000e+00, 3.137500e-02
120, 3.600000e+00, 2.800000e+00, 3.137500e-02
121, 1.600000e+00, 3.200000e+00, 3.137500e-02
122, 2.000000e+00, 3.200000e+00, 3.137500e-02
123, 2.400000e+00, 3.200000e+00, 3.137500e-02
124, 2.800000e+00, 3.200000e+00, 3.137500e-02
125, 3.200000e+00, 3.200000e+00, 3.137500e-02
126, 3.600000e+00, 3.200000e+00, 3.137500e-02
127, 1.600000e+00, 3.600000e+00, 3.137500e-02
128, 2.000000e+00, 3.600000e+00, 3.137500e-02
129, 2.400000e+00, 3.600000e+00, 3.137500e-02
130, 2.800000e+00, 3.600000e+00, 3.137500e-02
131, 3.200000e+00, 3.600000e+00, 3.137500e-02
132, 3.600000e+00, 3.600000e+00, 3.137500e-02
133, 1.600000e+00, 1.600000e+00, 6.275000e-02
134, 1.800000e+00, 1.600000e+00, 6.275000e-02
135, 2.000000e+00, 1.600000e+00, 6.275000e-02
136, 2.200000e+00, 1.600000e+00, 6.275000e-02
137, 2.400000e+00, 1.600000e+00, 6.275000e-02
138, 2.600000e+00, 1.600000e+00, 6.275000e-02
139, 2.800000e+00, 1.600000e+00, 6.275000e-02
140, 3.000000e+00, 1.600000e+00, 6.275000e-02
141, 3.200000e+00, 1.600000e+00, 6.275000e-02
142, 3.400000e+00, 1.600000e+00, 6.275000e-02
143, 3.600000e+00, 1.600000e+00, 6.275000e-02
144, 1.600000e+00, 1.800000e+00, 6.275000e-02
145, 2.000000e+00, 1.800000e+00, 6.275000e-02
146, 2.400000e+00, 1.800000e+00, 6.275000e-02
147, 2.800000e+00, 1.800000e+00, 6.275000e-02
148, 3.200000e+00, 1.800000e+00, 6.275000e-02
149, 3.600000e+00, 1.800000e+00, 6.275000e-02
150, 1.600000e+00, 2.000000e+00, 6.275000e-02
151, 1.800000e+00, 2.000000e+00, 6.275000e-02
152, 2.000000e+00, 2.000000e+00, 6.275000e-02
153, 2.200000e+00, 2.000000e+00, 6.275000e-02
154, 2.400000e+00, 2.000000e+00, 6.275000e-02
155, 2.600000e+00, 2.000000e+00, 6.275000e-02
156, 2.800000e+00, 2.000000e+00, 6.275000e-02
157, 3.000000e+00, 2.000000e+00, 6.275000e-02
158, 3.200000e+00, 2.000000e+00, 6.275000e-02
159, 3.400000e+00, 2.000000e+00, 6.275000e-02
160, 3.600000e+00, 2.000000e+00, 6.275000e-02
161, 1.600000e+00, 2.200000e+00, 6.275000e-02
162, 2.000000e+00, 2.200000e+00, 6.275000e-02
163, 2.400000e+00, 2.200000e+00, 6.275000e-02
164, 2.800000e+00, 2.200000e+00, 6.275000e-02
165, 3.200000e+00, 2.200000e+00, 6.275000e-02
166, 3.600000e+00, 2.200000e+00, 6.275000e-02
167, 1.600000e+00, 2.400000e+00, 6.275000e-02
168, 1.800000e+00, 2.400000e+00, 6.275000e-02
169, 2.000000e+00, 2.400000e+00, 6.275000e-02
170, 2.200000e+00, 2.400000e+00, 6.275000e-02
171, 2.400000e+00, 2.400000e+00, 6.275000e-02
172, 2.600000e+00, 2.400000e+00, 6.275000e-02
173, 2.800000e+00, 2.400000e+00, 6.275000e-02
174, 3.000000e+00, 2.400000e+00, 6.275000e-02
175, 3.200000e+00, 2.400000e+00, 6.275000e-02
176, 3.400000e+00, 2.400000e+00, 6.275000e-02
177, 3.600000e+00, 2.400000e+00, 6.275000e-02
178, 1.600000e+00, 2.600000e+00, 6.275000e-02
179, 2.000000e+00, 2.600000e+00, 6.275000e-02
180, 2.400000e+00, 2.600000e+00, 6.275000e-02
181, 2.800000e+00, 2.600000e+00, 6.275000e-02
182, 3.200000e+00, 2.600000e+00, 6.275000e-02
183, 3.600000e+00, 2.600000e+00, 6.275000e-02
184, 1.600000e+00, 2.800000e+00, 6.275000e-02
185, 1.800000e+00, 2.800000e+00, 6.275000e-02
186, 2.000000e+00, 2.800000e+00, 6.275000e-02
187, 2.200000e+00, 2.800000e+00, 6.275000e-02
188, 2.400000e+00, 2.800000e+00, 6.275000e-02
189, 2.600000e+00, 2.800000e+00, 6.275000e-02
190, 2.800000e+00, 2.800000e+00, 6.275000e-02
191, 3.000000e+00, 2.800000e+00, 6.275000e-02
192, 3.200000e+00, 2.800000e+00, 6.275000e-02
193, 3.400000e+00, 2.800000e+00, 6.275000e-02
194, 3.600000e+00, 2.800000e+00, 6.275000e-02
195, 1.600000e+00, 3.000000e+00, 6.275000e-02
196, 2.000000e+00, 3.000000e+00, 6.275000e-02
197, 2.400000e+00, 3.000000e+00, 6.275000e-02
198, 2.800000e+00, 3.000000e+00, 6.275000e-02
199, 3.200000e+00, 3.000000e+00, 6.275000e-02
200, 3.600000e+00, 3.000000e+00, 6.275000e-02
201, 1.600000e+00, 3.200000e+00, 6.275000e-02
202, 1.800000e+00, 3.200000e+00, 6.275000e-02
203, 2.000000e+00, 3.200000e+00, 6.275000e-02
204, 2.200000e+00, 3.200000e+00, 6.275000e-02
205, 2.400000e+00, 3.200000e+00, 6.275000e-02
206, 2.600000e+00, 3.200000e+00, 6.275000e-02
207, 2.800000e+00, 3.200000e+00, 6.275000e-02
208, 3.000000e+00, 3.200000e+00, 6.275000e-02
209, 3.200000e+00, 3.200000e+00, 6.275000e-02
210, 3.400000e+00, 3.200000e+00, 6.275000e-02
211, 3.600000e+00, 3.200000e+00, 6.275000e-02
212, 1.600000e+00, 3.400000e+00, 6.275000e-02
213, 2.000000e+00, 3.400000e+00, 6.275000e-02
214, 2.400000e+00, 3.400000e+00, 6.275000e-02
215, 2.800000e+00, 3.400000e+00, 6.275000e-02
216, 3.200000e+00, 3.400000e+00, 6.275000e-02
217, 3.600000e+00, 3.400000e+00, 6.275000e-02
218, 1.600000e+00, 3.600000e+00, 6.275000e-02
219, 1.800000e+00, 3.600000e+00, 6.275000e-02
220, 2.000000e+00, 3.600000e+00, 6.275000e-02
221, 2.200000e+00, 3.600000e+00, 6.275000e-02
222, 2.400000e+00, 3.600000e+00, 6.275000e-02
223, 2.600000e+00, 3.600000e+00, 6.275000e-02
224, 2.800000e+00, 3.600000e+00, 6.275000e-02
225, 3.000000e+00, 3.600000e+00, 6.275000e-02
226, 3.200000e+00, 3.600000e+00, 6.275000e-02
227, 3.400000e+00, 3.600000e+00, 6.275000e-02
228, 3.600000e+00, 3.600000e+00, 6.275000e-02
229, 1.600000e+00, 1.600000e+00, 9.412500e-02
230, 2.000000e+00, 1.600000e+00, 9.412500e-02
231, 2.400000e+00, 1.600000e+00, 9.412500e-02
232, 2.800000e+00, 1.600000e+00, 9.412500e-02
233, 3.200000e+00, 1.600000e+00, 9.412500e-02
234, 3.600000e+00, 1.600000e+00, 9.412500e-02
235, 1.600000e+00, 2.000000e+00, 9.412500e-02
236, 2.000000e+00, 2.000000e+00, 9.412500e-02
237, 2.400000e+00, 2.000000e+00, 9.412500e-02
238, 2.800000e+00, 2.000000e+00, 9.412500e-02
239, 3.200000e+00, 2.000000e+00, 9.412500e-02
240, 3.600000e+00, 2.000000e+00, 9.412500e-02
241, 1.600000e+00, 2.400000e+00, 9.412500e-02
242, 2.000000e+00, 2.400000e+00, 9.412500e-02
243, 2.400000e+00, 2.400000e+00, 9.412500e-02
244, 2.800000e+00, 2.400000e+00, 9.412500e-02
245, 3.200000e+00, 2.400000e+00, 9.412500e-02
246, 3.600000e+00, 2.400000e+00, 9.412500e-02
247, 1.600000e+00, 2.800000e+00, 9.412500e-02
248, 2.000000e+00, 2.800000e+00, 9.412500e-02
249, 2.400000e+00, 2.800000e+00, 9.412500e-02
250, 2.800000e+00, 2.800000e+00, 9.412500e-02
251, 3.200000e+00, 2.800000e+00, 9.412500e-02
252, 3.600000e+00, 2.800000e+00, 9.412500e-02
253, 1.600000e+00, 3.200000e+00, 9.412500e-02
254, 2.000000e+00, 3.200000e+00, 9.412500e-02
255, 2.400000e+00, 3.200000e+00, 9.412500e-02
256, 2.800000e+00, 3.200000e+00, 9.412500e-02
257, 3.200000e+00, 3.200000e+00, 9.412500e-02
258, 3.600000e+00, 3.200000e+00, 9.412500e-02
259, 1.600000e+00, 3.600000e+00, 9.412500e-02
260, 2.000000e+00, 3.600000e+00, 9.412500e-02
261, 2.400000e+00, 3.600000e+00, 9.412500e-02
262, 2.800000e+00, 3.600000e+00, 9.412500e-02
263, 3.200000e+00, 3.600000e+00, 9.412500e-02
264, 3.600000e+00, 3.600000e+00, 9.412500e-02
265, 1.200000e+00, 0.000000e+00, 1.255000e-01
266, 1.400000e+00, 0.000000e+00, 1.255000e-01
267, 1.600000e+00, 0.000000e+00, 1.255000e-01
268, 1.800000e+00, 0.000000e+00, 1.255000e-01
269, 2.000000e+00, 0.000000e+00, 1.255000e-01
270, 2.200000e+00, 0.000000e+00, 1.255000e-01
271, 2.400000e+00, 0.000000e+00, 1.255000e-01
272, 2.600000e+00, 0.000000e+00, 1.255000e-01
273, 2.800000e+00, 0.000000e+00, 1.255000e-01
274, 3.000000e+00, 0.000000e+00, 1.255000e-01
275, 3.200000e+00, 0.000000e+00, 1.255000e-01
276, 3.400000e+00, 0.000000e+00, 1.255000e-01
277, 3.600000e+00, 0.000000e+00, 1.255000e-01
278, 3.800000e+00, 0.000000e+00, 1.255000e-01
279, 4.000000e+00, 0.000000e+00, 1.255000e-01
280, 1.200000e+00, 2.000000e-01, 1.255000e-01
281, 1.600000e+00, 2.000000e-01, 1.255000e-01
282, 2.000000e+00, 2.000000e-01, 1.255000e-01
283, 2.400000e+00, 2.000000e-01, 1.255000e-01
284, 2.800000e+00, 2.000000e-01, 1.255000e-01
285, 3.200000e+00, 2.000000e-01, 1.255000e-01
286, 3.600000e+00, 2.000000e-01, 1.255000e-01
287, 4.000000e+00, 2.000000e-01, 1.255000e-01
288, 1.200000e+00, 4.000000e-01, 1.255000e-01
289, 1.400000e+00, 4.000000e-01, 1.255000e-01
290, 1.600000e+00, 4.000000e-01, 1.255000e-01
291, 1.800000e+00, 4.000000e-01, 1.255000e-01
292, 2.000000e+00, 4.000000e-01, 1.255000e-01
293, 2.200000e+00, 4.000000e-01, 1.255000e-01
294, 2.400000e+00, 4.000000e-01, 1.255000e-01
295, 2.600000e+00, 4.000000e-01, 1.255000e-01
296, 2.800000e+00, 4.000000e-01, 1.255000e-01
297, 3.000000e+00, 4.000000e-01, 1.255000e-01
298, 3.200000e+00, 4.000000e-01, 1.255000e-01
299, 3.400000e+00, 4.000000e-01, 1.255000e-01
300, 3.600000e+00, 4.000000e-01, 1.255000e-01
301, 3.800000e+00, 4.000000e-01, 1.255000e-01
302, 4.000000e+00, 4.000000e-01, 1.255000e-01
303, 1.200000e+00, 6.000000e-01, 1.255000e-01
304, 1.600000e+00, 6.000000e-01, 1.255000e-01
305, 2.000000e+00, 6.000000e-01, 1.255000e-01
306, 2.400000e+00, 6.000000e-01, 1.255000e-01
307, 2.800000e+00, 6.000000e-01, 1.255000e-01
308, 3.200000e+00, 6.000000e-01, 1.255000e-01
309, 3.600000e+00, 6.000000e-01, 1.255000e-01
310, 4.000000e+00, 6.000000e-01, 1.255000e-01
311, 8.000000e-01, 8.000000e-01, 1.255000e-01
312, 1.000000e+00, 8.000000e-01, 1.255000e-01
313, 1.200000e+00, 8.000000e-01, 1.255000e-01
314, 1.400000e+00, 8.000000e-01, 1.255000e-01
315, 1.600000e+00, 8.000000e-01, 1.255000e-01
316, 1.800000e+00, 8.000000e-01, 1.255000e-01
317, 2.000000e+00, 8.000000e-01, 1.255000e-01
318, 2.200000e+00, 8.000000e-01, 1.255000e-01
319, 2.400000e+00, 8.000000e-01, 1.255000e-01
320, 2.800000e+00, 8.000000e-01, 1.255000e-01
321, 3.000000e+00, 8.000000e-01, 1.255000e-01
322, 3.200000e+00, 8.000000e-01, 1.255000e-01
323, 3.400000e+00, 8.000000e-01, 1.255000e-01
324, 3.600000e+00, 8.000000e-01, 1.255000e-01
325, 3.800000e+00, 8.000000e-01, 1.255000e-01
326, 4.000000e+00, 8.000000e-01, 1.255000e-01
327, 4.200000e+00, 8.000000e-01, 1.255000e-01
328, 4.400000e+00, 8.000000e-01, 1.255000e-01
329, 8.000000e-01, 1.000000e+00, 1.255000e-01
330, 1.200000e+00, 1.000000e+00, 1.255000e-01
331, 1.600000e+00, 1.000000e+00, 1.255000e-01
332, 3.200000e+00, 1.000000e+00, 1.255000e-01
333, 3.600000e+00, 1.000000e+00, 1.255000e-01
334, 4.000000e+00, 1.000000e+00, 1.255000e-01
335, 4.400000e+00, 1.000000e+00, 1.255000e-01
336, 0.000000e+00, 1.200000e+00, 1.255000e-01
337, 2.000000e-01, 1.200000e+00, 1.255000e-01
338, 4.000000e-01, 1.200000e+00, 1.255000e-01
339, 6.000000e-01, 1.200000e+00, 1.255000e-01
340, 8.000000e-01, 1.200000e+00, 1.255000e-01
341, 1.000000e+00, 1.200000e+00, 1.255000e-01
342, 1.200000e+00, 1.200000e+00, 1.255000e-01
343, 1.400000e+00, 1.200000e+00, 1.255000e-01
344, 1.600000e+00, 1.200000e+00, 1.255000e-01
345, 3.200000e+00, 1.200000e+00, 1.255000e-01
346, 3.400000e+00, 1.200000e+00, 1.255000e-01
347, 3.600000e+00, 1.200000e+00, 1.255000e-01
348, 3.800000e+00, 1.200000e+00, 1.255000e-01
349, 4.000000e+00, 1.200000e+00, 1.255000e-01
350, 4.200000e+00, 1.200000e+00, 1.255000e-01
351, 4.400000e+00, 1.200000e+00, 1.255000e-01
352, 4.600000e+00, 1.200000e+00, 1.255000e-01
353, 4.800000e+00, 1.200000e+00, 1.255000e-01
354, 5.000000e+00, 1.200000e+00, 1.255000e-01
355, 5.200000e+00, 1.200000e+00, 1.255000e-01
356, 0.000000e+00, 1.400000e+00, 1.255000e-01
357, 4.000000e-01, 1.400000e+00, 1.255000e-01
358, 8.000000e-01, 1.400000e+00, 1.255000e-01
359, 1.200000e+00, 1.400000e+00, 1.255000e-01
360, 1.600000e+00, 1.400000e+00, 1.255000e-01
361, 3.600000e+00, 1.400000e+00, 1.255000e-01
362, 4.000000e+00, 1.400000e+00, 1.255000e-01
363, 4.400000e+00, 1.400000e+00, 1.255000e-01
364, 4.800000e+00, 1.400000e+00, 1.255000e-01
365, 5.200000e+00, 1.400000e+00, 1.255000e-01
366, 0.000000e+00, 1.600000e+00, 1.255000e-01
367, 2.000000e-01, 1.600000e+00, 1.255000e-01
368, 4.000000e-01, 1.600000e+00, 1.255000e-01
369, 6.000000e-01, 1.600000e+00, 1.255000e-01
370, 8.000000e-01, 1.600000e+00, 1.255000e-01
371, 1.000000e+00, 1.600000e+00, 1.255000e-01
372, 1.200000e+00, 1.600000e+00, 1.255000e-01
373, 1.400000e+00, 1.600000e+00, 1.255000e-01
374, 1.600000e+00, 1.600000e+00, 1.255000e-01
375, 1.800000e+00, 1.600000e+00, 1.255000e-01
376, 2.000000e+00, 1.600000e+00, 1.255000e-01
377, 2.200000e+00, 1.600000e+00, 1.255000e-01
378, 2.400000e+00, 1.600000e+00, 1.255000e-01
379, 2.600000e+00, 1.600000e+00, 1.255000e-01
380, 2.800000e+00, 1.600000e+00, 1.255000e-01
381, 3.000000e+00, 1.600000e+00, 1.255000e-01
382, 3.200000e+00, 1.600000e+00, 1.255000e-01
383, 3.400000e+00, 1.600000e+00, 1.255000e-01
384, 3.600000e+00, 1.600000e+00, 1.255000e-01
385, 3.800000e+00, 1.600000e+00, 1.255000e-01
386, 4.000000e+00, 1.600000e+00, 1.255000e-01
387, 4.200000e+00, 1.600000e+00, 1.255000e-01
388, 4.400000e+00, 1.600000e+00, 1.255000e-01
389, 4.600000e+00, 1.600000e+00, 1.255000e-01
390, 4.800000e+00, 1.600000e+00, 1.255000e-01
391, 5.000000e+00, 1.600000e+00, 1.255000e-01
392, 5.200000e+00, 1.600000e+00, 1.255000e-01
393, 0.000000e+00, 1.800000e+00, 1.255000e-01
394, 4.000000e-01, 1.800000e+00, 1.255000e-01
395, 8.000000e-01, 1.800000e+00, 1.255000e-01
396, 1.200000e+00, 1.800000e+00, 1.255000e-01
397, 1.600000e+00, 1.800000e+00, 1.255000e-01
398, 2.000000e+00, 1.800000e+00, 1.255000e-01
399, 2.400000e+00, 1.800000e+00, 1.255000e-01
400, 2.800000e+00, 1.800000e+00, 1.255000e-01
401, 3.200000e+00, 1.800000e+00, 1.255000e-01
402, 3.600000e+00, 1.800000e+00, 1.255000e-01
403, 4.400000e+00, 1.800000e+00, 1.255000e-01
404, 4.800000e+00, 1.800000e+00, 1.255000e-01
405, 5.200000e+00, 1.800000e+00, 1.255000e-01
406, 0.000000e+00, 2.000000e+00, 1.255000e-01
407, 2.000000e-01, 2.000000e+00, 1.255000e-01
408, 4.000000e-01, 2.000000e+00, 1.255000e-01
409, 6.000000e-01, 2.000000e+00, 1.255000e-01
410, 8.000000e-01, 2.000000e+00, 1.255000e-01
411, 1.000000e+00, 2.000000e+00, 1.255000e-01
412, 1.200000e+00, 2.000000e+00, 1.255000e-01
413, 1.600000e+00, 2.000000e+00, 1.255000e-01
414, 1.800000e+00, 2.000000e+00, 1.255000e-01
415, 2.000000e+00, 2.000000e+00, 1.255000e-01
416, 2.200000e+00, 2.000000e+00, 1.255000e-01
417, 2.400000e+00, 2.000000e+00, 1.255000e-01
418, 2.600000e+00, 2.000000e+00, 1.255000e-01
419, 2.800000e+00, 2.000000e+00, 1.255000e-01
420, 3.000000e+00, 2.000000e+00, 1.255000e-01
421, 3.200000e+00, 2.000000e+00, 1.255000e-01
422, 3.400000e+00, 2.000000e+00, 1.255000e-01
423, 3.600000e+00, 2.000000e+00, 1.255000e-01
424, 4.400000e+00, 2.000000e+00, 1.255000e-01
425, 4.600000e+00, 2.000000e+00, 1.255000e-01
426, 4.800000e+00, 2.000000e+00, 1.255000e-01
427, 5.000000e+00, 2.000000e+00, 1.255000e-01
428, 5.200000e+00, 2.000000e+00, 1.255000e-01
429, 0.000000e+00, 2.200000e+00, 1.255000e-01
430, 4.000000e-01, 2.200000e+00, 1.255000e-01
431, 8.000000e-01, 2.200000e+00, 1.255000e-01
432, 1.600000e+00, 2.200000e+00, 1.255000e-01
433, 2.000000e+00, 2.200000e+00, 1.255000e-01
434, 2.400000e+00, 2.200000e+00, 1.255000e-01
435, 2.800000e+00, 2.200000e+00, 1.255000e-01
436, 3.200000e+00, 2.200000e+00, 1.255000e-01
437, 3.600000e+00, 2.200000e+00, 1.255000e-01
438, 4.800000e+00, 2.200000e+00, 1.255000e-01
439, 5.200000e+00, 2.200000e+00, 1.255000e-01
440, 0.000000e+00, 2.400000e+00, 1.255000e-01
441, 2.000000e-01, 2.400000e+00, 1.255000e-01
442, 4.000000e-01, 2.400000e+00, 1.255000e-01
443, 6.000000e-01, 2.400000e+00, 1.255000e-01
444, 8.000000e-01, 2.400000e+00, 1.255000e-01
445, 1.600000e+00, 2.400000e+00, 1.255000e-01
446, 1.800000e+00, 2.400000e+00, 1.255000e-01
447, 2.000000e+00, 2.400000e+00, 1.255000e-01
448, 2.200000e+00, 2.400000e+00, 1.255000e-01
449, 2.400000e+00, 2.400000e+00, 1.255000e-01
450, 2.600000e+00, 2.400000e+00, 1.255000e-01
451, 2.800000e+00, 2.400000e+00, 1.255000e-01
452, 3.000000e+00, 2.400000e+00, 1.255000e-01
453, 3.200000e+00, 2.400000e+00, 1.255000e-01
454, 3.400000e+00, 2.400000e+00, 1.255000e-01
455, 3.600000e+00, 2.400000e+00, 1.255000e-01
456, 4.800000e+00, 2.400000e+00, 1.255000e-01
457, 5.000000e+00, 2.400000e+00, 1.255000e-01
458, 5.200000e+00, 2.400000e+00, 1.255000e-01
459, 0.000000e+00, 2.600000e+00, 1.255000e-01
460, 4.000000e-01, 2.600000e+00, 1.255000e-01
461, 1.600000e+00, 2.600000e+00, 1.255000e-01
462, 2.000000e+00, 2.600000e+00, 1.255000e-01
463, 2.400000e+00, 2.600000e+00, 1.255000e-01
464, 2.800000e+00, 2.600000e+00, 1.255000e-01
465, 3.200000e+00, 2.600000e+00, 1.255000e-01
466, 3.600000e+00, 2.600000e+00, 1.255000e-01
467, 4.800000e+00, 2.600000e+00, 1.255000e-01
468, 5.200000e+00, 2.600000e+00, 1.255000e-01
469, 0.000000e+00, 2.800000e+00, 1.255000e-01
470, 2.000000e-01, 2.800000e+00, 1.255000e-01
471, 4.000000e-01, 2.800000e+00, 1.255000e-01
472, 6.000000e-01, 2.800000e+00, 1.255000e-01
473, 8.000000e-01, 2.800000e+00, 1.255000e-01
474, 1.600000e+00, 2.800000e+00, 1.255000e-01
475, 1.800000e+00, 2.800000e+00, 1.255000e-01
476, 2.000000e+00, 2.800000e+00, 1.255000e-01
477, 2.200000e+00, 2.800000e+00, 1.255000e-01
478, 2.400000e+00, 2.800000e+00, 1.255000e-01
479, 2.600000e+00, 2.800000e+00, 1.255000e-01
480, 2.800000e+00, 2.800000e+00, 1.255000e-01
481, 3.000000e+00, 2.800000e+00, 1.255000e-01
482, 3.200000e+00, 2.800000e+00, 1.255000e-01
483, 3.400000e+00, 2.800000e+00, 1.255000e-01
484, 3.600000e+00, 2.800000e+00, 1.255000e-01
485, 4.400000e+00, 2.800000e+00, 1.255000e-01
486, 4.600000e+00, 2.800000e+00, 1.255000e-01
487, 4.800000e+00, 2.800000e+00, 1.255000e-01
488, 5.000000e+00, 2.800000e+00, 1.255000e-01
489, 5.200000e+00, 2.800000e+00, 1.255000e-01
490, 0.000000e+00, 3.000000e+00, 1.255000e-01
491, 4.000000e-01, 3.000000e+00, 1.255000e-01
492, 8.000000e-01, 3.000000e+00, 1.255000e-01
493, 1.600000e+00, 3.000000e+00, 1.255000e-01
494, 2.000000e+00, 3.000000e+00, 1.255000e-01
495, 2.400000e+00, 3.000000e+00, 1.255000e-01
496, 2.800000e+00, 3.000000e+00, 1.255000e-01
497, 3.200000e+00, 3.000000e+00, 1.255000e-01
498, 3.600000e+00, 3.000000e+00, 1.255000e-01
499, 4.400000e+00, 3.000000e+00, 1.255000e-01
500, 4.800000e+00, 3.000000e+00, 1.255000e-01
501, 5.200000e+00, 3.000000e+00, 1.255000e-01
502, 0.000000e+00, 3.200000e+00, 1.255000e-01
503, 2.000000e-01, 3.200000e+00, 1.255000e-01
504, 4.000000e-01, 3.200000e+00, 1.255000e-01
505, 6.000000e-01, 3.200000e+00, 1.255000e-01
506, 8.000000e-01, 3.200000e+00, 1.255000e-01
507, 1.000000e+00, 3.200000e+00, 1.255000e-01
508, 1.200000e+00, 3.200000e+00, 1.255000e-01
509, 1.600000e+00, 3.200000e+00, 1.255000e-01
510, 1.800000e+00, 3.200000e+00, 1.255000e-01
511, 2.000000e+00, 3.200000e+00, 1.255000e-01
512, 2.200000e+00, 3.200000e+00, 1.255000e-01
513, 2.400000e+00, 3.200000e+00, 1.255000e-01
514, 2.600000e+00, 3.200000e+00, 1.255000e-01
515, 2.800000e+00, 3.200000e+00, 1.255000e-01
516, 3.000000e+00, 3.200000e+00, 1.255000e-01
517, 3.200000e+00, 3.200000e+00, 1.255000e-01
518, 3.400000e+00, 3.200000e+00, 1.255000e-01
519, 3.600000e+00, 3.200000e+00, 1.255000e-01
520, 4.000000e+00, 3.200000e+00, 1.255000e-01
521, 4.200000e+00, 3.200000e+00, 1.255000e-01
522, 4.400000e+00, 3.200000e+00, 1.255000e-01
523, 4.600000e+00, 3.200000e+00, 1.255000e-01
524, 4.800000e+00, 3.200000e+00, 1.255000e-01
525, 5.000000e+00, 3.200000e+00, 1.255000e-01
526, 5.200000e+00, 3.200000e+00, 1.255000e-01
527, 0.000000e+00, 3.400000e+00, 1.255000e-01
528, 4.000000e-01, 3.400000e+00, 1.255000e-01
529, 8.000000e-01, 3.400000e+00, 1.255000e-01
530, 1.200000e+00, 3.400000e+00, 1.255000e-01
531, 1.600000e+00, 3.400000e+00, 1.255000e-01
532, 2.000000e+00, 3.400000e+00, 1.255000e-01
533, 2.400000e+00, 3.400000e+00, 1.255000e-01
534, 2.800000e+00, 3.400000e+00, 1.255000e-01
535, 3.200000e+00, 3.400000e+00, 1.255000e-01
536, 3.600000e+00, 3.400000e+00, 1.255000e-01
537, 4.000000e+00, 3.400000e+00, 1.255000e-01
538, 4.400000e+00, 3.400000e+00, 1.255000e-01
539, 4.800000e+00, 3.400000e+00, 1.255000e-01
540, 5.200000e+00, 3.400000e+00, 1.255000e-01
541, 0.000000e+00, 3.600000e+00, 1.255000e-01
542, 2.000000e-01, 3.600000e+00, 1.255000e-01
543, 4.000000e-01, 3.600000e+00, 1.255000e-01
544, 6.000000e-01, 3.600000e+00, 1.255000e-01
545, 8.000000e-01, 3.600000e+00, 1.255000e-01
546, 1.000000e+00, 3.600000e+00, 1.255000e-01
547, 1.200000e+00, 3.600000e+00, 1.255000e-01
548, 1.400000e+00, 3.600000e+00, 1.255000e-01
549, 1.600000e+00, 3.600000e+00, 1.255000e-01
550, 1.800000e+00, 3.600000e+00, 1.255000e-01
551, 2.000000e+00, 3.600000e+00, 1.255000e-01
552, 2.200000e+00, 3.600000e+00, 1.255000e-01
553, 2.400000e+00, 3.600000e+00, 1.255000e-01
554, 2.600000e+00, 3.600000e+00, 1.255000e-01
555, 2.800000e+00, 3.600000e+00, 1.255000e-01
556, 3.000000e+00, 3.600000e+00, 1.255000e-01
557, 3.200000e+00, 3.600000e+00, 1.255000e-01
558, 3.400000e+00, 3.600000e+00, 1.255000e-01
559, 3.600000e+00, 3.600000e+00, 1.255000e-01
560, 3.800000e+00, 3.600000e+00, 1.255000e-01
561, 4.000000e+00, 3.600000e+00, 1.255000e-01
562, 4.200000e+00, 3.600000e+00, 1.255000e-01
563, 4.400000e+00, 3.600000e+00, 1.255000e-01
564, 4.600000e+00, 3.600000e+00, 1.255000e-01
565, 4.800000e+00, 3.600000e+00, 1.255000e-01
566, 5.000000e+00, 3.600000e+00, 1.255000e-01
567, 5.200000e+00, 3.600000e+00, 1.255000e-01
568, 0.000000e+00, 3.800000e+00, 1.255000e-01
569, 4.000000e-01, 3.800000e+00, 1.255000e-01
570, 8.000000e-01, 3.800000e+00, 1.255000e-01
571, 1.200000e+00, 3.800000e+00, 1.255000e-01
572, 1.600000e+00, 3.800000e+00, 1.255000e-01
573, 3.600000e+00, 3.800000e+00, 1.255000e-01
574, 4.000000e+00, 3.800000e+00, 1.255000e-01
575, 4.400000e+00, 3.800000e+00, 1.255000e-01
576, 4.800000e+00, 3.800000e+00, 1.255000e-01
577, 5.200000e+00, 3.800000e+00, 1.255000e-01
578, 0.000000e+00, 4.000000e+00, 1.255000e-01
579, 2.000000e-01, 4.000000e+00, 1.255000e-01
580, 4.000000e-01, 4.000000e+00, 1.255000e-01
581, 6.000000e-01, 4.000000e+00, 1.255000e-01
582, 8.000000e-01, 4.000000e+00, 1.255000e-01
583, 1.000000e+00, 4.000000e+00, 1.255000e-01
584, 1.200000e+00, 4.000000e+00, 1.255000e-01
585, 1.400000e+00, 4.000000e+00, 1.255000e-01
586, 1.600000e+00, 4.000000e+00, 1.255000e-01
587, 1.800000e+00, 4.000000e+00, 1.255000e-01
588, 2.000000e+00, 4.000000e+00, 1.255000e-01
589, 3.200000e+00, 4.000000e+00, 1.255000e-01
590, 3.400000e+00, 4.000000e+00, 1.255000e-01
591, 3.600000e+00, 4.000000e+00, 1.255000e-01
592, 3.800000e+00, 4.000000e+00, 1.255000e-01
593, 4.000000e+00, 4.000000e+00, 1.255000e-01
594, 4.200000e+00, 4.000000e+00, 1.255000e-01
595, 4.400000e+00, 4.000000e+00, 1.255000e-01
596, 4.600000e+00, 4.000000e+00, 1.255000e-01
597, 4.800000e+00, 4.000000e+00, 1.255000e-01
598, 5.000000e+00, 4.000000e+00, 1.255000e-01
599, 5.200000e+00, 4.000000e+00, 1.255000e-01
600, 8.000000e-01, 4.200000e+00, 1.255000e-01
601, 1.200000e+00, 4.200000e+00, 1.255000e-01
602, 1.600000e+00, 4.200000e+00, 1.255000e-01
603, 2.000000e+00, 4.200000e+00, 1.255000e-01
604, 3.200000e+00, 4.200000e+00, 1.255000e-01
605, 3.600000e+00, 4.200000e+00, 1.255000e-01
606, 4.000000e+00, 4.200000e+00, 1.255000e-01
607, 4.400000e+00, 4.200000e+00, 1.255000e-01
608, 8.000000e-01, 4.400000e+00, 1.255000e-01
609, 1.000000e+00, 4.400000e+00, 1.255000e-01
610, 1.200000e+00, 4.400000e+00, 1.255000e-01
611, 1.400000e+00, 4.400000e+00, 1.255000e-01
612, 1.600000e+00, 4.400000e+00, 1.255000e-01
613, 1.800000e+00, 4.400000e+00, 1.255000e-01
614, 2.000000e+00, 4.400000e+00, 1.255000e-01
615, 3.200000e+00, 4.400000e+00, 1.255000e-01
616, 3.400000e+00, 4.400000e+00, 1.255000e-01
617, 3.600000e+00, 4.400000e+00, 1.255000e-01
618, 3.800000e+00, 4.400000e+00, 1.255000e-01
619, 4.000000e+00, 4.400000e+00, 1.255000e-01
620, 4.200000e+00, 4.400000e+00, 1.255000e-01
621, 4.400000e+00, 4.400000e+00, 1.255000e-01
622, 1.200000e+00, 4.600000e+00, 1.255000e-01
623, 1.600000e+00, 4.600000e+00, 1.255000e-01
624, 2.000000e+00, 4.600000e+00, 1.255000e-01
625, 3.200000e+00, 4.600000e+00, 1.255000e-01
626, 3.600000e+00, 4.600000e+00, 1.255000e-01
627, 4.000000e+00, 4.600000e+00, 1.255000e-01
628, 1.200000e+00, 4.800000e+00, 1.255000e-01
629, 1.400000e+00, 4.800000e+00, 1.255000e-01
630, 1.600000e+00, 4.800000e+00, 1.255000e-01
631, 1.800000e+00, 4.800000e+00, 1.255000e-01
632, 2.000000e+00, 4.800000e+00, 1.255000e-01
633, 2.200000e+00, 4.800000e+00, 1.255000e-01
634, 2.400000e+00, 4.800000e+00, 1.255000e-01
635, 2.600000e+00, 4.800000e+00, 1.255000e-01
636, 2.800000e+00, 4.800000e+00, 1.255000e-01
637, 3.000000e+00, 4.800000e+00, 1.255000e-01
638, 3.200000e+00, 4.800000e+00, 1.255000e-01
639, 3.400000e+00, 4.800000e+00, 1.255000e-01
640, 3.600000e+00, 4.800000e+00, 1.255000e-01
641, 3.800000e+00, 4.800000e+00, 1.255000e-01
642, 4.000000e+00, 4.800000e+00, 1.255000e-01
643, 1.200000e+00, 5.000000e+00, 1.255000e-01
644, 1.600000e+00, 5.000000e+00, 1.255000e-01
645, 2.000000e+00, 5.000000e+00, 1.255000e-01
646, 2.400000e+00, 5.000000e+00, 1.255000e-01
647, 2.800000e+00, 5.000000e+00, 1.255000e-01
648, 3.200000e+00, 5.000000e+00, 1.255000e-01
649, 3.600000e+00, 5.000000e+00, 1.255000e-01
650, 4.000000e+00, 5.000000e+00, 1.255000e-01
651, 1.200000e+00, 5.200000e+00, 1.255000e-01
652, 1.400000e+00, 5.200000e+00, 1.255000e-01
653, 1.600000e+00, 5.200000e+00, 1.255000e-01
654, 1.800000e+00, 5.200000e+00, 1.255000e-01
655, 2.000000e+00, 5.200000e+00, 1.255000e-01
656, 2.200000e+00, 5.200000e+00, 1.255000e-01
657, 2.400000e+00, 5.200000e+00, 1.255000e-01
658, 2.600000e+00, 5.200000e+00, 1.255000e-01
659, 2.800000e+00, 5.200000e+00, 1.255000e-01
660, 3.000000e+00, 5.200000e+00, 1.255000e-01
661, 3.200000e+00, 5.200000e+00, 1.255000e-01
662, 3.400000e+00, 5.200000e+00, 1.255000e-01
663, 3.600000e+00, 5.200000e+00, 1.255000e-01
664, 3.800000e+00, 5.200000e+00, 1.255000e-01
665, 4.000000e+00, 5.200000e+00, 1.255000e-01
666, 1.200000e+00, 0.000000e+00, 1.600000e-01
667, 1.600000e+00, 0.000000e+00, 1.600000e-01
668, 2.000000e+00, 0.000000e+00, 1.600000e-01
669, 2.400000e+00, 0.000000e+00, 1.600000e-01
670, 2.800000e+00, 0.000000e+00, 1.600000e-01
671, 3.200000e+00, 0.000000e+00, 1.600000e-01
672, 3.600000e+00, 0.000000e+00, 1.600000e-01
673, 4.000000e+00, 0.000000e+00, 1.600000e-01
674, 1.200000e+00, 4.000000e-01, 1.600000e-01
675, 1.600000e+00, 4.000000e-01, 1.600000e-01
676, 2.000000e+00, 4.000000e-01, 1.600000e-01
677, 2.400000e+00, 4.000000e-01, 1.600000e-01
678, 2.800000e+00, 4.000000e-01, 1.600000e-01
679, 3.200000e+00, 4.000000e-01, 1.600000e-01
680, 3.600000e+00, 4.000000e-01, 1.600000e-01
681, 4.000000e+00, 4.000000e-01, 1.600000e-01
682, 8.000000e-01, 8.000000e-01, 1.600000e-01
683, 1.200000e+00, 8.000000e-01, 1.600000e-01
684, 1.600000e+00, 8.000000e-01, 1.600000e-01
685, 2.000000e+00, 8.000000e-01, 1.600000e-01
686, 2.400000e+00, 8.000000e-01, 1.600000e-01
687, 2.800000e+00, 8.000000e-01, 1.600000e-01
688, 3.200000e+00, 8.000000e-01, 1.600000e-01
689, 3.600000e+00, 8.000000e-01, 1.600000e-01
690, 4.000000e+00, 8.000000e-01, 1.600000e-01
691, 4.400000e+00, 8.000000e-01, 1.600000e-01
692, 0.000000e+00, 1.200000e+00, 1.600000e-01
693, 4.000000e-01, 1.200000e+00, 1.600000e-01
694, 8.000000e-01, 1.200000e+00, 1.600000e-01
695, 1.200000e+00, 1.200000e+00, 1.600000e-01
696, 1.600000e+00, 1.200000e+00, 1.600000e-01
697, 3.200000e+00, 1.200000e+00, 1.600000e-01
698, 3.600000e+00, 1.200000e+00, 1.600000e-01
699, 4.000000e+00, 1.200000e+00, 1.600000e-01
700, 4.400000e+00, 1.200000e+00, 1.600000e-01
701, 4.800000e+00, 1.200000e+00, 1.600000e-01
702, 5.200000e+00, 1.200000e+00, 1.600000e-01
703, 0.000000e+00, 1.600000e+00, 1.600000e-01
704, 4.000000e-01, 1.600000e+00, 1.600000e-01
705, 8.000000e-01, 1.600000e+00, 1.600000e-01
706, 1.200000e+00, 1.600000e+00, 1.600000e-01
707, 1.600000e+00, 1.600000e+00, 1.600000e-01
708, 2.000000e+00, 1.600000e+00, 1.600000e-01
709, 2.400000e+00, 1.600000e+00, 1.600000e-01
710, 2.800000e+00, 1.600000e+00, 1.600000e-01
711, 3.200000e+00, 1.600000e+00, 1.600000e-01
712, 3.600000e+00, 1.600000e+00, 1.600000e-01
713, 4.000000e+00, 1.600000e+00, 1.600000e-01
714, 4.400000e+00, 1.600000e+00, 1.600000e-01
715, 4.800000e+00, 1.600000e+00, 1.600000e-01
716, 5.200000e+00, 1.600000e+00, 1.600000e-01
717, 0.000000e+00, 2.000000e+00, 1.600000e-01
718, 4.000000e-01, 2.000000e+00, 1.600000e-01
719, 8.000000e-01, 2.000000e+00, 1.600000e-01
720, 1.200000e+00, 2.000000e+00, 1.600000e-01
721, 1.600000e+00, 2.000000e+00, 1.600000e-01
722, 2.000000e+00, 2.000000e+00, 1.600000e-01
723, 2.400000e+00, 2.000000e+00, 1.600000e-01
724, 2.800000e+00, 2.000000e+00, 1.600000e-01
725, 3.200000e+00, 2.000000e+00, 1.600000e-01
726, 3.600000e+00, 2.000000e+00, 1.600000e-01
727, 4.400000e+00, 2.000000e+00, 1.600000e-01
728, 4.800000e+00, 2.000000e+00, 1.600000e-01
729, 5.200000e+00, 2.000000e+00, 1.600000e-01
730, 0.000000e+00, 2.400000e+00, 1.600000e-01
731, 4.000000e-01, 2.400000e+00, 1.600000e-01
732, 8.000000e-01, 2.400000e+00, 1.600000e-01
733, 1.600000e+00, 2.400000e+00, 1.600000e-01
734, 2.000000e+00, 2.400000e+00, 1.600000e-01
735, 2.400000e+00, 2.400000e+00, 1.600000e-01
736, 2.800000e+00, 2.400000e+00, 1.600000e-01
737, 3.200000e+00, 2.400000e+00, 1.600000e-01
738, 3.600000e+00, 2.400000e+00, 1.600000e-01
739, 4.800000e+00, 2.400000e+00, 1.600000e-01
740, 5.200000e+00, 2.400000e+00, 1.600000e-01
741, 0.000000e+00, 2.800000e+00, 1.600000e-01
742, 4.000000e-01, 2.800000e+00, 1.600000e-01
743, 8.000000e-01, 2.800000e+00, 1.600000e-01
744, 1.600000e+00, 2.800000e+00, 1.600000e-01
745, 2.000000e+00, 2.800000e+00, 1.600000e-01
746, 2.400000e+00, 2.800000e+00, 1.600000e-01
747, 2.800000e+00, 2.800000e+00, 1.600000e-01
748, 3.200000e+00, 2.800000e+00, 1.600000e-01
749, 3.600000e+00, 2.800000e+00, 1.600000e-01
750, 4.400000e+00, 2.800000e+00, 1.600000e-01
751, 4.800000e+00, 2.800000e+00, 1.600000e-01
752, 5.200000e+00, 2.800000e+00, 1.600000e-01
753, 0.000000e+00, 3.200000e+00, 1.600000e-01
754, 4.000000e-01, 3.200000e+00, 1.600000e-01
755, 8.000000e-01, 3.200000e+00, 1.600000e-01
756, 1.200000e+00, 3.200000e+00, 1.600000e-01
757, 1.600000e+00, 3.200000e+00, 1.600000e-01
758, 2.000000e+00, 3.200000e+00, 1.600000e-01
759, 2.400000e+00, 3.200000e+00, 1.600000e-01
760, 2.800000e+00, 3.200000e+00, 1.600000e-01
761, 3.200000e+00, 3.200000e+00, 1.600000e-01
762, 3.600000e+00, 3.200000e+00, 1.600000e-01
763, 4.000000e+00, 3.200000e+00, 1.600000e-01
764, 4.400000e+00, 3.200000e+00, 1.600000e-01
765, 4.800000e+00, 3.200000e+00, 1.600000e-01
766, 5.200000e+00, 3.200000e+00, 1.600000e-01
767, 0.000000e+00, 3.600000e+00, 1.600000e-01
768, 4.000000e-01, 3.600000e+00, 1.600000e-01
769, 8.000000e-01, 3.600000e+00, 1.600000e-01
770, 1.200000e+00, 3.600000e+00, 1.600000e-01
771, 1.600000e+00, 3.600000e+00, 1.600000e-01
772, 2.000000e+00, 3.600000e+00, 1.600000e-01
773, 2.400000e+00, 3.600000e+00, 1.600000e-01
774, 2.800000e+00, 3.600000e+00, 1.600000e-01
775, 3.200000e+00, 3.600000e+00, 1.600000e-01
776, 3.600000e+00, 3.600000e+00, 1.600000e-01
777, 4.000000e+00, 3.600000e+00, 1.600000e-01
778, 4.400000e+00, 3.600000e+00, 1.600000e-01
779, 4.800000e+00, 3.600000e+00, 1.600000e-01
780, 5.200000e+00, 3.600000e+00, 1.600000e-01
781, 0.000000e+00, 4.000000e+00, 1.600000e-01
782, 4.000000e-01, 4.000000e+00, 1.600000e-01
783, 8.000000e-01, 4.000000e+00, 1.600000e-01
784, 1.200000e+00, 4.000000e+00, 1.600000e-01
785, 1.600000e+00, 4.000000e+00, 1.600000e-01
786, 2.000000e+00, 4.000000e+00, 1.600000e-01
787, 3.200000e+00, 4.000000e+00, 1.600000e-01
788, 3.600000e+00, 4.000000e+00, 1.600000e-01
789, 4.000000e+00, 4.000000e+00, 1.600000e-01
790, 4.400000e+00, 4.000000e+00, 1.600000e-01
791, 4.800000e+00, 4.000000e+00, 1.600000e-01
792, 5.200000e+00, 4.000000e+00, 1.600000e-01
793, 8.000000e-01, 4.400000e+00, 1.600000e-01
794, 1.200000e+00, 4.400000e+00, 1.600000e-01
795, 1.600000e+00, 4.400000e+00, 1.600000e-01
796, 2.000000e+00, 4.400000e+00, 1.600000e-01
797, 3.200000e+00, 4.400000e+00, 1.600000e-01
798, 3.600000e+00, 4.400000e+00, 1.600000e-01
799, 4.000000e+00, 4.400000e+00, 1.600000e-01
800, 4.400000e+00, 4.400000e+00, 1.600000e-01
801, 1.200000e+00, 4.800000e+00, 1.600000e-01
802, 1.600000e+00, 4.800000e+00, 1.600000e-01
803, 2.000000e+00, 4.800000e+00, 1.600000e-01
804, 2.400000e+00, 4.800000e+00, 1.600000e-01
805, 2.800000e+00, 4.800000e+00, 1.600000e-01
806, 3.200000e+00, 4.800000e+00, 1.600000e-01
807, 3.600000e+00, 4.800000e+00, 1.600000e-01
808, 4.000000e+00, 4.800000e+00, 1.600000e-01
809, 1.200000e+00, 5.200000e+00, 1.600000e-01
810, 1.600000e+00, 5.200000e+00, 1.600000e-01
811, 2.000000e+00, 5.200000e+00, 1.600000e-01
812, 2.400000e+00, 5.200000e+00, 1.600000e-01
813, 2.800000e+00, 5.200000e+00, 1.600000e-01
814, 3.200000e+00, 5.200000e+00, 1.600000e-01
815, 3.600000e+00, 5.200000e+00, 1.600000e-01
816, 4.000000e+00, 5.200000e+00, 1.600000e-01
817, 1.200000e+00, 0.000000e+00, 1.945000e-01
818, 1.400000e+00, 0.000000e+00, 1.945000e-01
819, 1.600000e+00, 0.000000e+00, 1.945000e-01
820, 1.800000e+00, 0.000000e+00, 1.945000e-01
821, 2.000000e+00, 0.000000e+00, 1.945000e-01
822, 2.200000e+00, 0.000000e+00, 1.945000e-01
823, 2.400000e+00, 0.000000e+00, 1.945000e-01
824, 2.600000e+00, 0.000000e+00, 1.945000e-01
825, 2.800000e+00, 0.000000e+00, 1.945000e-01
826, 3.000000e+00, 0.000000e+00, 1.945000e-01
827, 3.200000e+00, 0.000000e+00, 1.945000e-01
828, 3.400000e+00, 0.000000e+00, 1.945000e-01
829, 3.600000e+00, 0.000000e+00, 1.945000e-01
830, 3.800000e+00, 0.000000e+00, 1.945000e-01
831, 4.000000e+00, 0.000000e+00, 1.945000e-01
832, 1.200000e+00, 2.000000e-01, 1.945000e-01
833, 1.600000e+00, 2.000000e-01, 1.945000e-01
834, 2.000000e+00, 2.000000e-01, 1.945000e-01
835, 2.400000e+00, 2.000000e-01, 1.945000e-01
836, 2.800000e+00, 2.000000e-01, 1.945000e-01
837, 3.200000e+00, 2.000000e-01, 1.945000e-01
838, 3.600000e+00, 2.000000e-01, 1.945000e-01
839, 4.000000e+00, 2.000000e-01, 1.945000e-01
840, 1.200000e+00, 4.000000e-01, 1.945000e-01
841, 1.400000e+00, 4.000000e-01, 1.945000e-01
842, 1.600000e+00, 4.000000e-01, 1.945000e-01
843, 1.800000e+00, 4.000000e-01, 1.945000e-01
844, 2.000000e+00, 4.000000e-01, 1.945000e-01
845, 2.200000e+00, 4.000000e-01, 1.945000e-01
846, 2.400000e+00, 4.000000e-01, 1.945000e-01
847, 2.600000e+00, 4.000000e-01, 1.945000e-01
848, 2.800000e+00, 4.000000e-01, 1.945000e-01
849, 3.000000e+00, 4.000000e-01, 1.945000e-01
850, 3.200000e+00, 4.000000e-01, 1.945000e-01
851, 3.400000e+00, 4.000000e-01, 1.945000e-01
852, 3.600000e+00, 4.000000e-01, 1.945000e-01
853, 3.800000e+00, 4.000000e-01, 1.945000e-01
854, 4.000000e+00, 4.000000e-01, 1.945000e-01
855, 1.200000e+00, 6.000000e-01, 1.945000e-01
856, 1.600000e+00, 6.000000e-01, 1.945000e-01
857, 2.000000e+00, 6.000000e-01, 1.945000e-01
858, 2.400000e+00, 6.000000e-01, 1.945000e-01
859, 2.800000e+00, 6.000000e-01, 1.945000e-01
860, 3.200000e+00, 6.000000e-01, 1.945000e-01
861, 3.600000e+00, 6.000000e-01, 1.945000e-01
862, 4.000000e+00, 6.000000e-01, 1.945000e-01
863, 8.000000e-01, 8.000000e-01, 1.945000e-01
864, 1.000000e+00, 8.000000e-01, 1.945000e-01
865, 1.200000e+00, 8.000000e-01, 1.945000e-01
866, 1.400000e+00, 8.000000e-01, 1.945000e-01
867, 1.600000e+00, 8.000000e-01, 1.945000e-01
868, 1.800000e+00, 8.000000e-01, 1.945000e-01
869, 2.000000e+00, 8.000000e-01, 1.945000e-01
870, 2.200000e+00, 8.000000e-01, 1.945000e-01
871, 2.400000e+00, 8.000000e-01, 1.945000e-01
872, 2.800000e+00, 8.000000e-01, 1.945000e-01
873, 3.000000e+00, 8.000000e-01, 1.945000e-01
874, 3.200000e+00, 8.000000e-01, 1.945000e-01
875, 3.400000e+00, 8.000000e-01, 1.945000e-01
876, 3.600000e+00, 8.000000e-01, 1.945000e-01
877, 3.800000e+00, 8.000000e-01, 1.945000e-01
878, 4.000000e+00, 8.000000e-01, 1.945000e-01
879, 4.200000e+00, 8.000000e-01, 1.945000e-01
880, 4.400000e+00, 8.000000e-01, 1.945000e-01
881, 8.000000e-01, 1.000000e+00, 1.945000e-01
882, 1.200000e+00, 1.000000e+00, 1.945000e-01
883, 1.600000e+00, 1.000000e+00, 1.945000e-01
884, 3.200000e+00, 1.000000e+00, 1.945000e-01
885, 3.600000e+00, 1.000000e+00, 1.945000e-01
886, 4.000000e+00, 1.000000e+00, 1.945000e-01
887, 4.400000e+00, 1.000000e+00, 1.945000e-01
888, 0.000000e+00, 1.200000e+00, 1.945000e-01
889, 2.000000e-01, 1.200000e+00, 1.945000e-01
890, 4.000000e-01, 1.200000e+00, 1.945000e-01
891, 6.000000e-01, 1.200000e+00, 1.945000e-01
892, 8.000000e-01, 1.200000e+00, 1.945000e-01
893, 1.000000e+00, 1.200000e+00, 1.945000e-01
894, 1.200000e+00, 1.200000e+00, 1.945000e-01
895, 1.400000e+00, 1.200000e+00, 1.945000e-01
896, 1.600000e+00, 1.200000e+00, 1.945000e-01
897, 3.200000e+00, 1.200000e+00, 1.945000e-01
898, 3.400000e+00, 1.200000e+00, 1.945000e-01
899, 3.600000e+00, 1.200000e+00, 1.945000e-01
900, 3.800000e+00, 1.200000e+00, 1.945000e-01
901, 4.000000e+00, 1.200000e+00, 1.945000e-01
902, 4.200000e+00, 1.200000e+00, 1.945000e-01
903, 4.400000e+00, 1.200000e+00, 1.945000e-01
904, 4.600000e+00, 1.200000e+00, 1.945000e-01
905, 4.800000e+00, 1.200000e+00, 1.945000e-01
906, 5.000000e+00, 1.200000e+00, 1.945000e-01
907, 5.200000e+00, 1.200000e+00, 1.945000e-01
908, 0.000000e+00, 1.400000e+00, 1.945000e-01
909, 4.000000e-01, 1.400000e+00, 1.945000e-01
910, 8.000000e-01, 1.400000e+00, 1.945000e-01
911, 1.200000e+00, 1.400000e+00, 1.945000e-01
912, 1.600000e+00, 1.400000e+00, 1.945000e-01
913, 3.600000e+00, 1.400000e+00, 1.945000e-01
914, 4.000000e+00, 1.400000e+00, 1.945000e-01
915, 4.400000e+00, 1.400000e+00, 1.945000e-01
916, 4.800000e+00, 1.400000e+00, 1.945000e-01
917, 5.200000e+00, 1.400000e+00, 1.945000e-01
918, 0.000000e+00, 1.600000e+00, 1.945000e-01
919, 2.000000e-01, 1.600000e+00, 1.945000e-01
920, 4.000000e-01, 1.600000e+00, 1.945000e-01
921, 6.000000e-01, 1.600000e+00, 1.945000e-01
922, 8.000000e-01, 1.600000e+00, 1.945000e-01
923, 1.000000e+00, 1.600000e+00, 1.945000e-01
924, 1.200000e+00, 1.600000e+00, 1.945000e-01
925, 1.400000e+00, 1.600000e+00, 1.945000e-01
926, 1.600000e+00, 1.600000e+00, 1.945000e-01
927, 1.800000e+00, 1.600000e+00, 1.945000e-01
928, 2.000000e+00, 1.600000e+00, 1.945000e-01
929, 2.200000e+00, 1.600000e+00, 1.945000e-01
930, 2.400000e+00, 1.600000e+00, 1.945000e-01
931, 2.600000e+00, 1.600000e+00, 1.945000e-01
932, 2.800000e+00, 1.600000e+00, 1.945000e-01
933, 3.000000e+00, 1.600000e+00, 1.945000e-01
934, 3.200000e+00, 1.600000e+00, 1.945000e-01
935, 3.400000e+00, 1.600000e+00, 1.945000e-01
936, 3.600000e+00, 1.600000e+00, 1.945000e-01
937, 3.800000e+00, 1.600000e+00, 1.945000e-01
938, 4.000000e+00, 1.600000e+00, 1.945000e-01
939, 4.200000e+00, 1.600000e+00, 1.945000e-01
940, 4.400000e+00, 1.600000e+00, 1.945000e-01
941, 4.600000e+00, 1.600000e+00, 1.945000e-01
942, 4.800000e+00, 1.600000e+00, 1.945000e-01
943, 5.000000e+00, 1.600000e+00, 1.945000e-01
944, 5.200000e+00, 1.600000e+00, 1.945000e-01
945, 0.000000e+00, 1.800000e+00, 1.945000e-01
946, 4.000000e-01, 1.800000e+00, 1.945000e-01
947, 8.000000e-01, 1.800000e+00, 1.945000e-01
948, 1.200000e+00, 1.800000e+00, 1.945000e-01
949, 1.600000e+00, 1.800000e+00, 1.945000e-01
950, 2.000000e+00, 1.800000e+00, 1.945000e-01
951, 2.400000e+00, 1.800000e+00, 1.945000e-01
952, 2.800000e+00, 1.800000e+00, 1.945000e-01
953, 3.200000e+00, 1.800000e+00, 1.945000e-01
954, 3.600000e+00, 1.800000e+00, 1.945000e-01
955, 4.400000e+00, 1.800000e+00, 1.945000e-01
956, 4.800000e+00, 1.800000e+00, 1.945000e-01
957, 5.200000e+00, 1.800000e+00, 1.945000e-01
958, 0.000000e+00, 2.000000e+00, 1.945000e-01
959, 2.000000e-01, 2.000000e+00, 1.945000e-01
960, 4.000000e-01, 2.000000e+00, 1.945000e-01
961, 6.000000e-01, 2.000000e+00, 1.945000e-01
962, 8.000000e-01, 2.000000e+00, 1.945000e-01
963, 1.000000e+00, 2.000000e+00, 1.945000e-01
964, 1.200000e+00, 2.000000e+00, 1.945000e-01
965, 1.600000e+00, 2.000000e+00, 1.945000e-01
966, 1.800000e+00, 2.000000e+00, 1.945000e-01
967, 2.000000e+00, 2.000000e+00, 1.945000e-01
968, 2.200000e+00, 2.000000e+00, 1.945000e-01
969, 2.400000e+00, 2.000000e+00, 1.945000e-01
970, 2.600000e+00, 2.000000e+00, 1.945000e-01
971, 2.800000e+00, 2.000000e+00, 1.945000e-01
972, 3.000000e+00, 2.000000e+00, 1.945000e-01
973, 3.200000e+00, 2.000000e+00, 1.945000e-01
974, 3.400000e+00, 2.000000e+00, 1.945000e-01
975, 3.600000e+00, 2.000000e+00, 1.945000e-01
976, 4.400000e+00, 2.000000e+00, 1.945000e-01
977, 4.600000e+00, 2.000000e+00, 1.945000e-01
978, 4.800000e+00, 2.000000e+00, 1.945000e-01
979, 5.000000e+00, 2.000000e+00, 1.945000e-01
980, 5.200000e+00, 2.000000e+00, 1.945000e-01
981, 0.000000e+00, 2.200000e+00, 1.945000e-01
982, 4.000000e-01, 2.200000e+00, 1.945000e-01
983, 8.000000e-01, 2.200000e+00, 1.945000e-01
984, 1.600000e+00, 2.200000e+00, 1.945000e-01
985, 2.000000e+00, 2.200000e+00, 1.945000e-01
986, 2.400000e+00, 2.200000e+00, 1.945000e-01
987, 2.800000e+00, 2.200000e+00, 1.945000e-01
988, 3.200000e+00, 2.200000e+00, 1.945000e-01
989, 3.600000e+00, 2.200000e+00, 1.945000e-01
990, 4.800000e+00, 2.200000e+00, 1.945000e-01
991, 5.200000e+00, 2.200000e+00, 1.945000e-01
992, 0.000000e+00, 2.400000e+00, 1.945000e-01
993, 2.000000e-01, 2.400000e+00, 1.945000e-01
994, 4.000000e-01, 2.400000e+00, 1.945000e-01
995, 6.000000e-01, 2.400000e+00, 1.945000e-01
996, 8.000000e-01, 2.400000e+00, 1.945000e-01
997, 1.600000e+00, 2.400000e+00, 1.945000e-01
998, 1.800000e+00, 2.400000e+00, 1.945000e-01
999, 2.000000e+00, 2.400000e+00, 1.945000e-01
1000, 2.200000e+00, 2.400000e+00, 1.945000e-01
1001, 2.400000e+00, 2.400000e+00, 1.945000e-01
1002, 2.600000e+00, 2.400000e+00, 1.945000e-01
1003, 2.800000e+00, 2.400000e+00, 1.945000e-01
1004, 3.000000e+00, 2.400000e+00, 1.945000e-01
1005, 3.200000e+00, 2.400000e+00, 1.945000e-01
1006, 3.400000e+00, 2.400000e+00, 1.945000e-01
1007, 3.600000e+00, 2.400000e+00, 1.945000e-01
1008, 4.800000e+00, 2.400000e+00, 1.945000e-01
1009, 5.000000e+00, 2.400000e+00, 1.945000e-01
1010, 5.200000e+00, 2.400000e+00, 1.945000e-01
1011, 0.000000e+00, 2.600000e+00, 1.945000e-01
1012, 4.000000e-01, 2.600000e+00, 1.945000e-01
1013, 1.600000e+00, 2.600000e+00, 1.945000e-01
1014, 2.000000e+00, 2.600000e+00, 1.945000e-01
1015, 2.400000e+00, 2.600000e+00, 1.945000e-01
1016, 2.800000e+00, 2.600000e+00, 1.945000e-01
1017, 3.200000e+00, 2.600000e+00, 1.945000e-01
1018, 3.600000e+00, 2.600000e+00, 1.945000e-01
1019, 4.800000e+00, 2.600000e+00, 1.945000e-01
1020, 5.200000e+00, 2.600000e+00, 1.945000e-01
1021, 0.000000e+00, 2.800000e+00, 1.945000e-01
1022, 2.000000e-01, 2.800000e+00, 1.945000e-01
1023, 4.000000e-01, 2.800000e+00, 1.945000e-01
1024, 6.000000e-01, 2.800000e+00, 1.945000e-01
1025, 8.000000e-01, 2.800000e+00, 1.945000e-01
1026, 1.600000e+00, 2.800000e+00, 1.945000e-01
1027, 1.800000e+00, 2.800000e+00, 1.945000e-01
1028, 2.000000e+00, 2.800000e+00, 1.945000e-01
1029, 2.200000e+00, 2.800000e+00, 1.945000e-01
1030, 2.400000e+00, 2.800000e+00, 1.945000e-01
1031, 2.600000e+00, 2.800000e+00, 1.945000e-01
1032, 2.800000e+00, 2.800000e+00, 1.945000e-01
1033, 3.000000e+00, 2.800000e+00, 1.945000e-01
1034, 3.200000e+00, 2.800000e+00, 1.945000e-01
1035, 3.400000e+00, 2.800000e+00, 1.945000e-01
1036, 3.600000e+00, 2.800000e+00, 1.945000e-01
1037, 4.400000e+00, 2.800000e+00, 1.945000e-01
1038, 4.600000e+00, 2.800000e+00, 1.945000e-01
1039, 4.800000e+00, 2.800000e+00, 1.945000e-01
1040, 5.000000e+00, 2.800000e+00, 1.945000e-01
1041, 5.200000e+00, 2.800000e+00, 1.945000e-01
1042, 0.000000e+00, 3.000000e+00, 1.945000e-01
1043, 4.000000e-01, 3.000000e+00, 1.945000e-01
1044, 8.000000e-01, 3.000000e+00, 1.945000e-01
1045, 1.600000e+00, 3.000000e+00, 1.945000e-01
1046, 2.000000e+00, 3.000000e+00, 1.945000e-01
1047, 2.400000e+00, 3.000000e+00, 1.945000e-01
1048, 2.800000e+00, 3.000000e+00, 1.945000e-01
1049, 3.200000e+00, 3.000000e+00, 1.945000e-01
1050, 3.600000e+00, 3.000000e+00, 1.945000e-01
1051, 4.400000e+00, 3.000000e+00, 1.945000e-01
1052, 4.800000e+00, 3.000000e+00, 1.945000e-01
1053, 5.200000e+00, 3.000000e+00, 1.945000e-01
1054, 0.000000e+00, 3.200000e+00, 1.945000e-01
1055, 2.000000e-01, 3.200000e+00, 1.945000e-01
1056, 4.000000e-01, 3.200000e+00, 1.945000e-01
1057, 6.000000e-01, 3.200000e+00, 1.945000e-01
1058, 8.000000e-01, 3.200000e+00, 1.945000e-01
1059, 1.000000e+00, 3.200000e+00, 1.945000e-01
1060, 1.200000e+00, 3.200000e+00, 1.945000e-01
1061, 1.600000e+00, 3.200000e+00, 1.945000e-01
1062, 1.800000e+00, 3.200000e+00, 1.945000e-01
1063, 2.000000e+00, 3.200000e+00, 1.945000e-01
1064, 2.200000e+00, 3.200000e+00, 1.945000e-01
1065, 2.400000e+00, 3.200000e+00, 1.945000e-01
1066, 2.600000e+00, 3.200000e+00, 1.945000e-01
1067, 2.800000e+00, 3.200000e+00, 1.945000e-01
1068, 3.000000e+00, 3.200000e+00, 1.945000e-01
1069, 3.200000e+00, 3.200000e+00, 1.945000e-01
1070, 3.400000e+00, 3.200000e+00, 1.945000e-01
1071, 3.600000e+00, 3.200000e+00, 1.945000e-01
1072, 4.000000e+00, 3.200000e+00, 1.945000e-01
1073, 4.200000e+00, 3.200000e+00, 1.945000e-01
1074, 4.400000e+00, 3.200000e+00, 1.945000e-01
1075, 4.600000e+00, 3.200000e+00, 1.945000e-01
1076, 4.800000e+00, 3.200000e+00, 1.945000e-01
1077, 5.000000e+00, 3.200000e+00, 1.945000e-01
1078, 5.200000e+00, 3.200000e+00, 1.945000e-01
1079, 0.000000e+00, 3.400000e+00, 1.945000e-01
1080, 4.000000e-01, 3.400000e+00, 1.945000e-01
1081, 8.000000e-01, 3.400000e+00, 1.945000e-01
1082, 1.200000e+00, 3.400000e+00, 1.945000e-01
1083, 1.600000e+00, 3.400000e+00, 1.945000e-01
1084, 2.000000e+00, 3.400000e+00, 1.945000e-01
1085, 2.400000e+00, 3.400000e+00, 1.945000e-01
1086, 2.800000e+00, 3.400000e+00, 1.945000e-01
1087, 3.200000e+00, 3.400000e+00, 1.945000e-01
1088, 3.600000e+00, 3.400000e+00, 1.945000e-01
1089, 4.000000e+00, 3.400000e+00, 1.945000e-01
1090, 4.400000e+00, 3.400000e+00, 1.945000e-01
1091, 4.800000e+00, 3.400000e+00, 1.945000e-01
1092, 5.200000e+00, 3.400000e+00, 1.945000e-01
1093, 0.000000e+00, 3.600000e+00, 1.945000e-01
1094, 2.000000e-01, 3.600000e+00, 1.945000e-01
1095, 4.000000e-01, 3.600000e+00, 1.945000e-01
1096, 6.000000e-01, 3.600000e+00, 1.945000e-01
1097, 8.000000e-01, 3.600000e+00, 1.945000e-01
1098, 1.000000e+00, 3.600000e+00, 1.945000e-01
1099, 1.200000e+00, 3.600000e+00, 1.945000e-01
1100, 1.400000e+00, 3.600000e+00, 1.945000e-01
1101, 1.600000e+00, 3.600000e+00, 1.945000e-01
1102, 1.800000e+00, 3.600000e+00, 1.945000e-01
1103, 2.000000e+00, 3.600000e+00, 1.945000e-01
1104, 2.200000e+00, 3.600000e+00, 1.945000e-01
1105, 2.400000e+00, 3.600000e+00, 1.945000e-01
1106, 2.600000e+00, 3.600000e+00, 1.945000e-01
1107, 2.800000e+00, 3.600000e+00, 1.945000e-01
1108, 3.000000e+00, 3.600000e+00, 1.945000e-01
1109, 3.200000e+00, 3.600000e+00, 1.945000e-01
1110, 3.400000e+00, 3.600000e+00, 1.945000e-01
1111, 3.600000e+00, 3.600000e+00, 1.945000e-01
1112, 3.800000e+00, 3.600000e+00, 1.945000e-01
1113, 4.000000e+00, 3.600000e+00, 1.945000e-01
1114, 4.200000e+00, 3.600000e+00, 1.945000e-01
1115, 4.400000e+00, 3.600000e+00, 1.945000e-01
1116, 4.600000e+00, 3.600000e+00, 1.945000e-01
1117, 4.800000e+00, 3.600000e+00, 1.945000e-01
1118, 5.000000e+00, 3.600000e+00, 1.945000e-01
1119, 5.200000e+00, 3.600000e+00, 1.945000e-01
1120, 0.000000e+00, 3.800000e+00, 1.945000e-01
1121, 4.000000e-01, 3.800000e+00, 1.945000e-01
1122, 8.000000e-01, 3.800000e+00, 1.945000e-01
1123, 1.200000e+00, 3.800000e+00, 1.945000e-01
1124, 1.600000e+00, 3.800000e+00, 1.945000e-01
1125, 3.600000e+00, 3.800000e+00, 1.945000e-01
1126, 4.000000e+00, 3.800000e+00, 1.945000e-01
1127, 4.400000e+00, 3.800000e+00, 1.945000e-01
1128, 4.800000e+00, 3.800000e+00, 1.945000e-01
1129, 5.200000e+00, 3.800000e+00, 1.945000e-01
1130, 0.000000e+00, 4.000000e+00, 1.945000e-01
1131, 2.000000e-01, 4.000000e+00, 1.945000e-01
1132, 4.000000e-01, 4.000000e+00, 1.945000e-01
1133, 6.000000e-01, 4.000000e+00, 1.945000e-01
1134, 8.000000e-01, 4.000000e+00, 1.945000e-01
1135, 1.000000e+00, 4.000000e+00, 1.945000e-01
1136, 1.200000e+00, 4.000000e+00, 1.945000e-01
1137, 1.400000e+00, 4.000000e+00, 1.945000e-01
1138, 1.600000e+00, 4.000000e+00, 1.945000e-01
1139, 1.800000e+00, 4.000000e+00, 1.945000e-01
1140, 2.000000e+00, 4.000000e+00, 1.945000e-01
1141, 3.200000e+00, 4.000000e+00, 1.945000e-01
1142, 3.400000e+00, 4.000000e+00, 1.945000e-01
1143, 3.600000e+00, 4.000000e+00, 1.945000e-01
1144, 3.800000e+00, 4.000000e+00, 1.945000e-01
1145, 4.000000e+00, 4.000000e+00, 1.945000e-01
1146, 4.200000e+00, 4.000000e+00, 1.945000e-01
1147, 4.400000e+00, 4.000000e+00, 1.945000e-01
1148, 4.600000e+00, 4.000000e+00, 1.945000e-01
1149, 4.800000e+00, 4.000000e+00, 1.945000e-01
1150, 5.000000e+00, 4.000000e+00, 1.945000e-01
1151, 5.200000e+00, 4.000000e+00, 1.945000e-01
1152, 8.000000e-01, 4.200000e+00, 1.945000e-01
1153, 1.200000e+00, 4.200000e+00, 1.945000e-01
1154, 1.600000e+00, 4.200000e+00, 1.945000e-01
1155, 2.000000e+00, 4.200000e+00, 1.945000e-01
1156, 3.200000e+00, 4.200000e+00, 1.945000e-01
1157, 3.600000e+00, 4.200000e+00, 1.945000e-01
1158, 4.000000e+00, 4.200000e+00, 1.945000e-01
1159, 4.400000e+00, 4.200000e+00, 1.945000e-01
1160, 8.000000e-01, 4.400000e+00, 1.945000e-01
1161, 1.000000e+00, 4.400000e+00, 1.945000e-01
1162, 1.200000e+00, 4.400000e+00, 1.945000e-01
1163, 1.400000e+00, 4.400000e+00, 1.945000e-01
1164, 1.600000e+00, 4.400000e+00, 1.945000e-01
1165, 1.800000e+00, 4.400000e+00, 1.945000e-01
1166, 2.000000e+00, 4.400000e+00, 1.945000e-01
1167, 3.200000e+00, 4.400000e+00, 1.945000e-01
1168, 3.400000e+00, 4.400000e+00, 1.945000e-01
1169, 3.600000e+00, 4.400000e+00, 1.945000e-01
1170, 3.800000e+00, 4.400000e+00, 1.945000e-01
1171, 4.000000e+00, 4.400000e+00, 1.945000e-01
1172, 4.200000e+00, 4.400000e+00, 1.945000e-01
1173, 4.400000e+00, 4.400000e+00, 1.945000e-01
1174, 1.200000e+00, 4.600000e+00, 1.945000e-01
1175, 1.600000e+00, 4.600000e+00, 1.945000e-01
1176, 2.000000e+00, 4.600000e+00, 1.945000e-01
1177, 3.200000e+00, 4.600000e+00, 1.945000e-01
1178, 3.600000e+00, 4.600000e+00, 1.945000e-01
1179, 4.000000e+00, 4.600000e+00, 1.945000e-01
1180, 1.200000e+00, 4.800000e+00, 1.945000e-01
1181, 1.400000e+00, 4.800000e+00, 1.945000e-01
1182, 1.600000e+00, 4.800000e+00, 1.945000e-01
1183, 1.800000e+00, 4.800000e+00, 1.945000e-01
1184, 2.000000e+00, 4.800000e+00, 1.945000e-01
1185, 2.200000e+00, 4.800000e+00, 1.945000e-01
1186, 2.400000e+00, 4.800000e+00, 1.945000e-01
1187, 2.600000e+00, 4.800000e+00, 1.945000e-01
1188, 2.800000e+00, 4.800000e+00, 1.945000e-01
1189, 3.000000e+00, 4.800000e+00, 1.945000e-01
1190, 3.200000e+00, 4.800000e+00, 1.945000e-01
1191, 3.400000e+00, 4.800000e+00, 1.945000e-01
1192, 3.600000e+00, 4.800000e+00, 1.945000e-01
1193, 3.800000e+00, 4.800000e+00, 1.945000e-01
1194, 4.000000e+00, 4.800000e+00, 1.945000e-01
1195, 1.200000e+00, 5.000000e+00, 1.945000e-01
1196, 1.600000e+00, 5.000000e+00, 1.945000e-01
1197, 2.000000e+00, 5.000000e+00, 1.945000e-01
1198, 2.400000e+00, 5.000000e+00, 1.945000e-01
1199, 2.800000e+00, 5.000000e+00, 1.945000e-01
1200, 3.200000e+00, 5.000000e+00, 1.945000e-01
1201, 3.600000e+00, 5.000000e+00, 1.945000e-01
1202, 4.000000e+00, 5.000000e+00, 1.945000e-01
1203, 1.200000e+00, 5.200000e+00, 1.945000e-01
1204, 1.400000e+00, 5.200000e+00, 1.945000e-01
1205, 1.600000e+00, 5.200000e+00, 1.945000e-01
1206, 1.800000e+00, 5.200000e+00, 1.945000e-01
1207, 2.000000e+00, 5.200000e+00, 1.945000e-01
1208, 2.200000e+00, 5.200000e+00, 1.945000e-01
1209, 2.400000e+00, 5.200000e+00, 1.945000e-01
1210, 2.600000e+00, 5.200000e+00, 1.945000e-01
1211, 2.800000e+00, 5.200000e+00, 1.945000e-01
1212, 3.000000e+00, 5.200000e+00, 1.945000e-01
1213, 3.200000e+00, 5.200000e+00, 1.945000e-01
1214, 3.400000e+00, 5.200000e+00, 1.945000e-01
1215, 3.600000e+00, 5.200000e+00, 1.945000e-01
1216, 3.800000e+00, 5.200000e+00, 1.945000e-01
1217, 4.000000e+00, 5.200000e+00, 1.945000e-01
1218, 1.600000e+00, 1.600000e+00, 2.258750e-01
1219, 2.000000e+00, 1.600000e+00, 2.258750e-01
1220, 2.400000e+00, 1.600000e+00, 2.258750e-01
1221, 2.800000e+00, 1.600000e+00, 2.258750e-01
1222, 3.200000e+00, 1.600000e+00, 2.258750e-01
1223, 3.600000e+00, 1.600000e+00, 2.258750e-01
1224, 1.600000e+00, 2.000000e+00, 2.258750e-01
1225, 2.000000e+00, 2.000000e+00, 2.258750e-01
1226, 2.400000e+00, 2.000000e+00, 2.258750e-01
1227, 2.800000e+00, 2.000000e+00, 2.258750e-01
1228, 3.200000e+00, 2.000000e+00, 2.258750e-01
1229, 3.600000e+00, 2.000000e+00, 2.258750e-01
1230, 1.600000e+00, 2.400000e+00, 2.258750e-01
1231, 2.000000e+00, 2.400000e+00, 2.258750e-01
1232, 2.400000e+00, 2.400000e+00, 2.258750e-01
1233, 2.800000e+00, 2.400000e+00, 2.258750e-01
1234, 3.200000e+00, 2.400000e+00, 2.258750e-01
1235, 3.600000e+00, 2.400000e+00, 2.258750e-01
1236, 1.600000e+00, 2.800000e+00, 2.258750e-01
1237, 2.000000e+00, 2.800000e+00, 2.258750e-01
1238, 2.400000e+00, 2.800000e+00, 2.258750e-01
1239, 2.800000e+00, 2.800000e+00, 2.258750e-01
1240, 3.200000e+00, 2.800000e+00, 2.258750e-01
1241, 3.600000e+00, 2.800000e+00, 2.258750e-01
1242, 1.600000e+00, 3.200000e+00, 2.258750e-01
1243, 2.000000e+00, 3.200000e+00, 2.258750e-01
1244, 2.400000e+00, 3.200000e+00, 2.258750e-01
1245, 2.800000e+00, 3.200000e+00, 2.258750e-01
1246, 3.200000e+00, 3.200000e+00, 2.258750e-01
1247, 3.600000e+00, 3.200000e+00, 2.258750e-01
1248, 1.600000e+00, 3.600000e+00, 2.258750e-01
1249, 2.000000e+00, 3.600000e+00, 2.258750e-01
1250, 2.400000e+00, 3.600000e+00, 2.258750e-01
1251, 2.800000e+00, 3.600000e+00, 2.258750e-01
1252, 3.200000e+00, 3.600000e+00, 2.258750e-01
1253, 3.600000e+00, 3.600000e+00, 2.258750e-01
1254, 1.600000e+00, 1.600000e+00, 2.572500e-01
1255, 1.800000e+00, 1.600000e+00, 2.572500e-01
1256, 2.000000e+00, 1.600000e+00, 2.572500e-01
1257, 2.200000e+00, 1.600000e+00, 2.572500e-01
1258, 2.400000e+00, 1.600000e+00, 2.572500e-01
1259, 2.600000e+00, 1.600000e+00, 2.572500e-01
1260, 2.800000e+00, 1.600000e+00, 2.572500e-01
1261, 3.000000e+00, 1.600000e+00, 2.572500e-01
1262, 3.200000e+00, 1.600000e+00, 2.572500e-01
1263, 3.400000e+00, 1.600000e+00, 2.572500e-01
1264, 3.600000e+00, 1.600000e+00, 2.572500e-01
1265, 1.600000e+00, 1.800000e+00, 2.572500e-01
1266, 2.000000e+00, 1.800000e+00, 2.572500e-01
1267, 2.400000e+00, 1.800000e+00, 2.572500e-01
1268, 2.800000e+00, 1.800000e+00, 2.572500e-01
1269, 3.200000e+00, 1.800000e+00, 2.572500e-01
1270, 3.600000e+00, 1.800000e+00, 2.572500e-01
1271, 1.600000e+00, 2.000000e+00, 2.572500e-01
1272, 1.800000e+00, 2.000000e+00, 2.572500e-01
1273, 2.000000e+00, 2.000000e+00, 2.572500e-01
1274, 2.200000e+00, 2.000000e+00, 2.572500e-01
1275, 2.400000e+00, 2.000000e+00, 2.572500e-01
1276, 2.600000e+00, 2.000000e+00, 2.572500e-01
1277, 2.800000e+00, 2.000000e+00, 2.572500e-01
1278, 3.000000e+00, 2.000000e+00, 2.572500e-01
1279, 3.200000e+00, 2.000000e+00, 2.572500e-01
1280, 3.400000e+00, 2.000000e+00, 2.572500e-01
1281, 3.600000e+00, 2.000000e+00, 2.572500e-01
1282, 1.600000e+00, 2.200000e+00, 2.572500e-01
1283, 2.000000e+00, 2.200000e+00, 2.572500e-01
1284, 2.400000e+00, 2.200000e+00, 2.572500e-01
1285, 2.800000e+00, 2.200000e+00, 2.572500e-01
1286, 3.200000e+00, 2.200000e+00, 2.572500e-01
1287, 3.600000e+00, 2.200000e+00, 2.572500e-01
1288, 1.600000e+00, 2.400000e+00, 2.572500e-01
1289, 1.800000e+00, 2.400000e+00, 2.572500e-01
1290, 2.000000e+00, 2.400000e+00, 2.572500e-01
1291, 2.200000e+00, 2.400000e+00, 2.572500e-01
1292, 2.400000e+00, 2.400000e+00, 2.572500e-01
1293, 2.600000e+00, 2.400000e+00, 2.572500e-01
1294, 2.800000e+00, 2.400000e+00, 2.572500e-01
1295, 3.000000e+00, 2.400000e+00, 2.572500e-01
1296, 3.200000e+00, 2.400000e+00, 2.572500e-01
1297, 3.400000e+00, 2.400000e+00, 2.572500e-01
1298, 3.600000e+00, 2.400000e+00, 2.572500e-01
1299, 1.600000e+00, 2.600000e+00, 2.572500e-01
1300, 2.000000e+00, 2.600000e+00, 2.572500e-01
1301, 2.400000e+00, 2.600000e+00, 2.572500e-01
1302, 2.800000e+00, 2.600000e+00, 2.572500e-01
1303, 3.200000e+00, 2.600000e+00, 2.572500e-01
1304, 3.600000e+00, 2.600000e+00, 2.572500e-01
1305, 1.600000e+00, 2.800000e+00, 2.572500e-01
1306, 1.800000e+00, 2.800000e+00, 2.572500e-01
1307, 2.000000e+00, 2.800000e+00, 2.572500e-01
1308, 2.200000e+00, 2.800000e+00, 2.572500e-01
1309, 2.400000e+00, 2.800000e+00, 2.572500e-01
1310, 2.600000e+00, 2.800000e+00, 2.572500e-01
1311, 2.800000e+00, 2.800000e+00, 2.572500e-01
1312, 3.000000e+00, 2.800000e+00, 2.572500e-01
1313, 3.200000e+00, 2.800000e+00, 2.572500e-01
1314, 3.400000e+00, 2.800000e+00, 2.572500e-01
1315, 3.600000e+00, 2.800000e+00, 2.572500e-01
1316, 1.600000e+00, 3.000000e+00, 2.572500e-01
1317, 2.000000e+00, 3.000000e+00, 2.572500e-01
1318, 2.400000e+00, 3.000000e+00, 2.572500e-01
1319, 2.800000e+00, 3.000000e+00, 2.572500e-01
1320, 3.200000e+00, 3.000000e+00, 2.572500e-01
1321, 3.600000e+00, 3.000000e+00, 2.572500e-01
1322, 1.600000e+00, 3.200000e+00, 2.572500e-01
1323, 1.800000e+00, 3.200000e+00, 2.572500e-01
1324, 2.000000e+00, 3.200000e+00, 2.572500e-01
1325, 2.200000e+00, 3.200000e+00, 2.572500e-01
1326, 2.400000e+00, 3.200000e+00, 2.572500e-01
1327, 2.600000e+00, 3.200000e+00, 2.572500e-01
1328, 2.800000e+00, 3.200000e+00, 2.572500e-01
1329, 3.000000e+00, 3.200000e+00, 2.572500e-01
1330, 3.200000e+00, 3.200000e+00, 2.572500e-01
1331, 3.400000e+00, 3.200000e+00, 2.572500e-01
1332, 3.600000e+00, 3.200000e+00, 2.572500e-01
1333, 1.600000e+00, 3.400000e+00, 2.572500e-01
1334, 2.000000e+00, 3.400000e+00, 2.572500e-01
1335, 2.400000e+00, 3.400000e+00, 2.572500e-01
1336, 2.800000e+00, 3.400000e+00, 2.572500e-01
1337, 3.200000e+00, 3.400000e+00, 2.572500e-01
1338, 3.600000e+00, 3.400000e+00, 2.572500e-01
1339, 1.600000e+00, 3.600000e+00, 2.572500e-01
1340, 1.800000e+00, 3.600000e+00, 2.572500e-01
1341, 2.000000e+00, 3.600000e+00, 2.572500e-01
1342, 2.200000e+00, 3.600000e+00, 2.572500e-01
1343, 2.400000e+00, 3.600000e+00, 2.572500e-01
1344, 2.600000e+00, 3.600000e+00, 2.572500e-01
1345, 2.800000e+00, 3.600000e+00, 2.572500e-01
1346, 3.000000e+00, 3.600000e+00, 2.572500e-01
1347, 3.200000e+00, 3.600000e+00, 2.572500e-01
1348, 3.400000e+00, 3.600000e+00, 2.572500e-01
1349, 3.600000e+00, 3.600000e+00, 2.572500e-01
1350, 1.600000e+00, 1.600000e+00, 2.886250e-01
1351, 2.000000e+00, 1.600000e+00, 2.886250e-01
1352, 2.400000e+00, 1.600000e+00, 2.886250e-01
1353, 2.800000e+00, 1.600000e+00, 2.886250e-01
1354, 3.200000e+00, 1.600000e+00, 2.886250e-01
1355, 3.600000e+00, 1.600000e+00, 2.886250e-01
1356, 1.600000e+00, 2.000000e+00, 2.886250e-01
1357, 2.000000e+00, 2.000000e+00, 2.886250e-01
1358, 2.400000e+00, 2.000000e+00, 2.886250e-01
1359, 2.800000e+00, 2.000000e+00, 2.886250e-01
1360, 3.200000e+00, 2.000000e+00, 2.886250e-01
1361, 3.600000e+00, 2.000000e+00, 2.886250e-01
1362, 1.600000e+00, 2.400000e+00, 2.886250e-01
1363, 2.000000e+00, 2.400000e+00, 2.886250e-01
1364, 2.400000e+00, 2.400000e+00, 2.886250e-01
1365, 2.800000e+00, 2.400000e+00, 2.886250e-01
1366, 3.200000e+00, 2.400000e+00, 2.886250e-01
1367, 3.600000e+00, 2.400000e+00, 2.886250e-01
1368, 1.600000e+00, 2.800000e+00, 2.886250e-01
1369, 2.000000e+00, 2.800000e+00, 2.886250e-01
1370, 2.400000e+00, 2.800000e+00, 2.886250e-01
1371, 2.800000e+00, 2.800000e+00, 2.886250e-01
1372, 3.200000e+00, 2.800000e+00, 2.886250e-01
1373, 3.600000e+00, 2.800000e+00, 2.886250e-01
1374, 1.600000e+00, 3.200000e+00, 2.886250e-01
1375, 2.000000e+00, 3.200000e+00, 2.886250e-01
1376, 2.400000e+00, 3.200000e+00, 2.886250e-01
1377, 2.800000e+00, 3.200000e+00, 2.886250e-01
1378, 3.200000e+00, 3.200000e+00, 2.886250e-01
1379, 3.600000e+00, 3.200000e+00, 2.886250e-01
1380, 1.600000e+00, 3.600000e+00, 2.886250e-01
1381, 2.000000e+00, 3.600000e+00, 2.886250e-01
1382, 2.400000e+00, 3.600000e+00, 2.886250e-01
1383, 2.800000e+00, 3.600000e+00, 2.886250e-01
1384, 3.200000e+00, 3.600000e+00, 2.886250e-01
1385, 3.600000e+00, 3.600000e+00, 2.886250e-01
1386, 1.600000e+00, 1.600000e+00, 3.200000e-01
1387, 1.800000e+00, 1.600000e+00, 3.200000e-01
1388, 2.000000e+00, 1.600000e+00, 3.200000e-01
1389, 2.200000e+00, 1.600000e+00, 3.200000e-01
1390, 2.400000e+00, 1.600000e+00, 3.200000e-01
1391, 2.600000e+00, 1.600000e+00, 3.200000e-01
1392, 2.800000e+00, 1.600000e+00, 3.200000e-01
1393, 3.000000e+00, 1.600000e+00, 3.200000e-01
1394, 3.200000e+00, 1.600000e+00, 3.200000e-01
1395, 3.400000e+00, 1.600000e+00, 3.200000e-01
1396, 3.600000e+00, 1.600000e+00, 3.200000e-01
1397, 1.600000e+00, 1.800000e+00, 3.200000e-01
1398, 2.000000e+00, 1.800000e+00, 3.200000e-01
1399, 2.400000e+00, 1.800000e+00, 3.200000e-01
1400, 2.800000e+00, 1.800000e+00, 3.200000e-01
1401, 3.200000e+00, 1.800000e+00, 3.200000e-01
1402, 3.600000e+00, 1.800000e+00, 3.200000e-01
1403, 1.600000e+00, 2.000000e+00, 3.200000e-01
1404, 1.800000e+00, 2.000000e+00, 3.200000e-01
1405, 2.000000e+00, 2.000000e+00, 3.200000e-01
1406, 2.200000e+00, 2.000000e+00, 3.200000e-01
1407, 2.400000e+00, 2.000000e+00, 3.200000e-01
1408, 2.600000e+00, 2.000000e+00, 3.200000e-01
1409, 2.800000e+00, 2.000000e+00, 3.200000e-01
1410, 3.000000e+00, 2.000000e+00, 3.200000e-01
1411, 3.200000e+00, 2.000000e+00, 3.200000e-01
1412, 3.400000e+00, 2.000000e+00, 3.200000e-01
1413, 3.600000e+00, 2.000000e+00, 3.200000e-01
1414, 1.600000e+00, 2.200000e+00, 3.200000e-01
1415, 2.000000e+00, 2.200000e+00, 3.200000e-01
1416, 2.400000e+00, 2.200000e+00, 3.200000e-01
1417, 2.800000e+00, 2.200000e+00, 3.200000e-01
1418, 3.200000e+00, 2.200000e+00, 3.200000e-01
1419, 3.600000e+00, 2.200000e+00, 3.200000e-01
1420, 1.600000e+00, 2.400000e+00, 3.200000e-01
1421, 1.800000e+00, 2.400000e+00, 3.200000e-01
1422, 2.000000e+00, 2.400000e+00, 3.200000e-01
1423, 2.200000e+00, 2.400000e+00, 3.200000e-01
1424, 2.400000e+00, 2.400000e+00, 3.200000e-01
1425, 2.600000e+00, 2.400000e+00, 3.200000e-01
1426, 2.800000e+00, 2.400000e+00, 3.200000e-01
1427, 3.000000e+00, 2.400000e+00, 3.200000e-01
1428, 3.200000e+00, 2.400000e+00, 3.200000e-01
1429, 3.400000e+00, 2.400000e+00, 3.200000e-01
1430, 3.600000e+00, 2.400000e+00, 3.200000e-01
1431, 1.600000e+00, 2.600000e+00, 3.200000e-01
1432, 2.000000e+00, 2.600000e+00, 3.200000e-01
1433, 2.400000e+00, 2.600000e+00, 3.200000e-01
1434, 2.800000e+00, 2.600000e+00, 3.200000e-01
1435, 3.200000e+00, 2.600000e+00, 3.200000e-01
1436, 3.600000e+00, 2.600000e+00, 3.200000e-01
1437, 1.600000e+00, 2.800000e+00, 3.200000e-01
1438, 1.800000e+00, 2.800000e+00, 3.200000e-01
1439, 2.000000e+00, 2.800000e+00, 3.200000e-01
1440, 2.200000e+00, 2.800000e+00, 3.200000e-01
1441, 2.400000e+00, 2.800000e+00, 3.200000e-01
1442, 2.600000e+00, 2.800000e+00, 3.200000e-01
1443, 2.800000e+00, 2.800000e+00, 3.200000e-01
1444, 3.000000e+00, 2.800000e+00, 3.200000e-01
1445, 3.200000e+00, 2.800000e+00, 3.200000e-01
1446, 3.400000e+00, 2.800000e+00, 3.200000e-01
1447, 3.600000e+00, 2.800000e+00, 3.200000e-01
1448, 1.600000e+00, 3.000000e+00, 3.200000e-01
1449, 2.000000e+00, 3.000000e+00, 3.200000e-01
1450, 2.400000e+00, 3.000000e+00, 3.200000e-01
1451, 2.800000e+00, 3.000000e+00, 3.200000e-01
1452, 3.200000e+00, 3.000000e+00, 3.200000e-01
1453, 3.600000e+00, 3.000000e+00, 3.200000e-01
1454, 1.600000e+00, 3.200000e+00, 3.200000e-01
1455, 1.800000e+00, 3.200000e+00, 3.200000e-01
1456, 2.000000e+00, 3.200000e+00, 3.200000e-01
1457, 2.200000e+00, 3.200000e+00, 3.200000e-01
1458, 2.400000e+00, 3.200000e+00, 3.200000e-01
1459, 2.600000e+00, 3.200000e+00, 3.200000e-01
1460, 2.800000e+00, 3.200000e+00, 3.200000e-01
1461, 3.000000e+00, 3.200000e+00, 3.200000e-01
1462, 3.200000e+00, 3.200000e+00, 3.200000e-01
1463, 3.400000e+00, 3.200000e+00, 3.200000e-01
1464, 3.600000e+00, 3.200000e+00, 3.200000e-01
1465, 1.600000e+00, 3.400000e+00, 3.200000e-01
1466, 2.000000e+00, 3.400000e+00, 3.200000e-01
1467, 2.400000e+00, 3.400000e+00, 3.200000e-01
1468, 2.800000e+00, 3.400000e+00, 3.200000e-01
1469, 3.200000e+00, 3.400000e+00, 3.200000e-01
1470, 3.600000e+00, 3.400000e+00, 3.200000e-01
1471, 1.600000e+00, 3.600000e+00, 3.200000e-01
1472, 1.800000e+00, 3.600000e+00, 3.200000e-01
1473, 2.000000e+00, 3.600000e+00, 3.200000e-01
1474, 2.200000e+00, 3.600000e+00, 3.200000e-01
1475, 2.400000e+00, 3.600000e+00, 3.200000e-01
1476, 2.600000e+00, 3.600000e+00, 3.200000e-01
1477, 2.800000e+00, 3.600000e+00, 3.200000e-01
1478, 3.000000e+00, 3.600000e+00, 3.200000e-01
1479, 3.200000e+00, 3.600000e+00, 3.200000e-01
1480, 3.400000e+00, 3.600000e+00, 3.200000e-01
1481, 3.600000e+00, 3.600000e+00, 3.200000e-01
