1 1.359035e+02 4.463403e+01 1.733200e+04
2 1.216837e+02 2.718958e+01 1.750958e+04
3 9.696227e+01 1.003363e+00 1.766749e+04
4 7.922415e+01 -1.020278e+01 1.778840e+04
5 6.242681e+01 -1.612960e+01 1.788373e+04
6 4.431162e+01 -1.773338e+01 1.795218e+04
7 2.643851e+01 -1.553622e+01 1.799376e+04
8 9.909664e+00 -8.936304e+00 1.800914e+04
9 -7.309669e+00 2.550232e+00 1.799918e+04
10 -2.733708e+01 3.029109e+01 1.795336e+04
11 -3.613459e+01 5.602455e+01 1.788990e+04
12 1.118431e+02 3.503002e+01 1.740427e+04
13 9.354247e+01 2.754588e+00 1.767194e+04
14 6.148439e+01 -1.303439e+01 1.786638e+04
15 2.739305e+01 -1.259887e+01 1.797726e+04
16 -3.448117e+00 3.983275e+00 1.800561e+04
17 -1.985666e+01 4.065417e+01 1.796567e+04
18 8.460689e+01 1.448074e+01 1.745869e+04
19 8.606654e+01 1.070315e+01 1.756765e+04
20 8.164514e+01 -1.236403e+00 1.767348e+04
21 7.099793e+01 -8.857217e+00 1.777014e+04
22 5.830768e+01 -1.335921e+01 1.785199e+04
23 4.454525e+01 -1.478984e+01 1.791624e+04
24 3.083511e+01 -1.314294e+01 1.796334e+04
25 1.850959e+01 -8.394750e+00 1.799311e+04
26 8.545466e+00 -5.504167e-01 1.800881e+04
27 4.549350e+00 1.137652e+01 1.801650e+04
28 6.357654e+00 1.472733e+01 1.802122e+04
29 7.320920e+01 -2.578699e+00 1.747754e+04
30 7.381769e+01 -1.115479e+01 1.766694e+04
31 5.591703e+01 -1.921492e+01 1.783224e+04
32 3.334876e+01 -1.918010e+01 1.794379e+04
33 1.608498e+01 -1.140031e+01 1.800259e+04
34 1.752919e+01 -3.325368e+00 1.803897e+04
35 6.671631e+01 -1.889277e+01 1.747136e+04
36 6.961329e+01 -1.986806e+01 1.755759e+04
37 6.904992e+01 -2.332658e+01 1.764644e+04
38 6.297768e+01 -2.592798e+01 1.772963e+04
39 5.452611e+01 -2.739258e+01 1.780384e+04
40 4.454118e+01 -2.796238e+01 1.786571e+04
41 3.461971e+01 -2.760207e+01 1.791528e+04
42 2.634475e+01 -2.643932e+01 1.795267e+04
43 2.043353e+01 -2.424641e+01 1.798132e+04
44 2.012296e+01 -2.123417e+01 1.800455e+04
45 2.326709e+01 -2.032792e+01 1.803081e+04
46 6.458863e+01 -3.647856e+01 1.743919e+04
47 6.732909e+01 -3.675772e+01 1.760886e+04
48 5.390568e+01 -3.712660e+01 1.776343e+04
49 3.490195e+01 -3.753132e+01 1.787449e+04
50 2.164189e+01 -3.811366e+01 1.794226e+04
51 2.464628e+01 -3.864757e+01 1.799544e+04
52 6.623908e+01 -5.408447e+01 1.738065e+04
53 6.915539e+01 -5.322425e+01 1.746628e+04
54 6.862941e+01 -5.018038e+01 1.755453e+04
55 6.259466e+01 -4.796539e+01 1.763724e+04
56 5.417089e+01 -4.685618e+01 1.771100e+04
57 4.416518e+01 -4.663406e+01 1.777243e+04
58 3.415317e+01 -4.739131e+01 1.782147e+04
59 2.572194e+01 -4.906937e+01 1.785818e+04
60 1.970401e+01 -5.191232e+01 1.788593e+04
61 1.921073e+01 -5.565595e+01 1.790813e+04
62 2.219818e+01 -5.671422e+01 1.793296e+04
63 7.219819e+01 -7.038916e+01 1.729610e+04
64 7.297169e+01 -6.236041e+01 1.748316e+04
65 5.524657e+01 -5.499347e+01 1.764660e+04
66 3.249103e+01 -5.561211e+01 1.775636e+04
67 1.460772e+01 -6.436407e+01 1.781217e+04
68 1.540101e+01 -7.339742e+01 1.784404e+04
69 8.311438e+01 -8.737103e+01 1.718662e+04
70 8.463120e+01 -8.382392e+01 1.729366e+04
71 8.037120e+01 -7.234715e+01 1.739777e+04
72 6.995048e+01 -6.502700e+01 1.749297e+04
73 5.737592e+01 -6.077307e+01 1.757361e+04
74 4.356446e+01 -5.957922e+01 1.763673e+04
75 2.971943e+01 -6.146040e+01 1.768256e+04
76 1.700679e+01 -6.643915e+01 1.771074e+04
77 6.385920e+00 -7.453504e+01 1.772411e+04
78 2.014356e+00 -8.693887e+01 1.772839e+04
79 3.564308e+00 -9.080566e+01 1.772961e+04
80 1.092771e+02 -1.085207e+02 1.704189e+04
81 9.183350e+01 -7.636064e+01 1.730404e+04
82 6.034490e+01 -6.110547e+01 1.749536e+04
83 2.607334e+01 -6.179224e+01 1.760342e+04
84 -5.994034e+00 -7.863241e+01 1.762767e+04
85 -2.419171e+01 -1.123452e+02 1.757888e+04
86 1.309101e+02 -1.190989e+02 1.687905e+04
87 1.182675e+02 -1.004034e+02 1.705276e+04
88 9.522450e+01 -7.468485e+01 1.720755e+04
89 7.785427e+01 -6.381198e+01 1.732638e+04
90 6.119708e+01 -5.804673e+01 1.741995e+04
91 4.314150e+01 -5.649963e+01 1.748702e+04
92 2.499486e+01 -5.870249e+01 1.752720e+04
93 8.157530e+00 -6.517239e+01 1.754059e+04
94 -9.623473e+00 -7.689693e+01 1.752832e+04
95 -3.398253e+01 -1.039349e+02 1.747885e+04
96 -4.765477e+01 -1.228657e+02 1.740966e+04
97 1.116746e+02 3.629446e+01 1.733183e+04
98 7.568403e+01 8.609978e-01 1.766854e+04
99 4.945502e+01 -1.310794e+01 1.788453e+04
100 2.201878e+01 -1.265196e+01 1.799455e+04
101 -3.659586e+00 2.176295e+00 1.800016e+04
102 -2.910896e+01 4.796790e+01 1.788972e+04
103 6.812710e+01 9.436188e+00 1.745967e+04
104 6.559627e+01 -9.665681e-01 1.767448e+04
105 4.688620e+01 -1.094934e+01 1.785289e+04
106 2.480241e+01 -1.076902e+01 1.796425e+04
107 6.828507e+00 -4.920470e-01 1.800982e+04
108 5.067793e+00 9.543122e+00 1.802230e+04
109 5.347906e+01 -1.593957e+01 1.747213e+04
110 5.530019e+01 -1.875911e+01 1.764733e+04
111 4.378533e+01 -2.206006e+01 1.780491e+04
112 2.786786e+01 -2.223586e+01 1.791635e+04
113 1.663756e+01 -1.946986e+01 1.798222e+04
114 1.884526e+01 -1.706186e+01 1.803162e+04
115 5.309904e+01 -4.277444e+01 1.738142e+04
116 5.496266e+01 -4.033318e+01 1.755542e+04
117 4.349936e+01 -3.762445e+01 1.771206e+04
118 2.750039e+01 -3.805443e+01 1.782254e+04
119 1.604295e+01 -4.172296e+01 1.788684e+04
120 1.800613e+01 -4.479689e+01 1.793376e+04
121 6.690596e+01 -6.808881e+01 1.718760e+04
122 6.458147e+01 -5.816202e+01 1.739875e+04
123 4.612216e+01 -4.865307e+01 1.757450e+04
124 2.387708e+01 -4.919939e+01 1.768346e+04
125 5.159877e+00 -5.993560e+01 1.772512e+04
126 2.756831e+00 -7.073368e+01 1.773062e+04
127 1.069714e+02 -9.658427e+01 1.687887e+04
128 7.437318e+01 -6.010788e+01 1.720856e+04
129 4.848961e+01 -4.651574e+01 1.742074e+04
130 2.087223e+01 -4.704465e+01 1.752800e+04
131 -5.430377e+00 -6.188657e+01 1.752937e+04
132 -4.036278e+01 -9.944828e+01 1.740948e+04
133 9.083770e+01 3.110048e+01 1.733143e+04
134 7.488808e+01 1.656172e+01 1.751172e+04
135 5.461922e+01 1.833817e-01 1.766943e+04
136 4.710435e+01 -6.781287e+00 1.778950e+04
137 3.682659e+01 -9.926794e+00 1.788514e+04
138 2.701722e+01 -1.073414e+01 1.795327e+04
139 1.724959e+01 -9.573232e+00 1.799516e+04
140 7.149921e+00 -6.009855e+00 1.801022e+04
141 -4.152125e-01 1.192316e+00 1.800100e+04
142 -1.604933e+01 1.848614e+01 1.795489e+04
143 -2.523094e+01 4.340943e+01 1.788933e+04
144 6.803411e+01 2.094725e+01 1.740588e+04
145 5.615133e+01 1.923649e+00 1.767339e+04
146 3.722861e+01 -8.044460e+00 1.786803e+04
147 1.676105e+01 -7.815120e+00 1.797888e+04
148 -1.232765e+00 2.814915e+00 1.800705e+04
149 -1.211604e+01 2.596285e+01 1.796796e+04
150 5.105905e+01 4.769051e+00 1.746051e+04
151 5.267080e+01 5.681056e+00 1.756907e+04
152 4.953047e+01 -7.681240e-01 1.767525e+04
153 4.285639e+01 -5.467138e+00 1.777190e+04
154 3.541965e+01 -8.421113e+00 1.785358e+04
155 2.708090e+01 -9.360418e+00 1.791789e+04
156 1.880582e+01 -8.291163e+00 1.796495e+04
157 1.146819e+01 -5.231403e+00 1.799488e+04
158 5.192970e+00 -4.396886e-01 1.801060e+04
159 2.529552e+00 6.231930e+00 1.801798e+04
160 4.312660e+00 4.527180e+00 1.802322e+04
161 4.392972e+01 -2.678668e+00 1.747861e+04
162 4.473947e+01 -7.006843e+00 1.766868e+04
163 3.389441e+01 -1.168237e+01 1.783396e+04
164 2.037684e+01 -1.164661e+01 1.794553e+04
165 9.849988e+00 -7.241739e+00 1.800437e+04
166 1.124992e+01 -3.043782e+00 1.804009e+04
167 4.042599e+01 -1.264647e+01 1.747272e+04
168 4.216241e+01 -1.219409e+01 1.755919e+04
169 4.166112e+01 -1.422782e+01 1.764802e+04
170 3.828010e+01 -1.586003e+01 1.773135e+04
171 3.306290e+01 -1.671590e+01 1.780574e+04
172 2.706582e+01 -1.704748e+01 1.786758e+04
173 2.110575e+01 -1.685229e+01 1.791719e+04
174 1.601295e+01 -1.615490e+01 1.795441e+04
175 1.272304e+01 -1.474452e+01 1.798291e+04
176 1.235016e+01 -1.304924e+01 1.800622e+04
177 1.426278e+01 -1.345136e+01 1.803224e+04
178 3.928931e+01 -2.221316e+01 1.744026e+04
179 4.055238e+01 -2.234294e+01 1.761049e+04
180 3.270351e+01 -2.256317e+01 1.776530e+04
181 2.126198e+01 -2.281324e+01 1.787637e+04
182 1.352741e+01 -2.315637e+01 1.794392e+04
183 1.493041e+01 -2.337577e+01 1.799653e+04
184 4.012946e+01 -3.178500e+01 1.738201e+04
185 4.189278e+01 -3.223213e+01 1.746787e+04
186 4.140839e+01 -3.045246e+01 1.755611e+04
187 3.804066e+01 -2.905153e+01 1.763895e+04
188 3.284678e+01 -2.840645e+01 1.771289e+04
189 2.683892e+01 -2.829281e+01 1.777430e+04
190 2.083134e+01 -2.873406e+01 1.782338e+04
191 1.562278e+01 -2.971706e+01 1.785992e+04
192 1.227542e+01 -3.149080e+01 1.788754e+04
193 1.182410e+01 -3.369783e+01 1.790976e+04
194 1.362676e+01 -3.325617e+01 1.793437e+04
195 4.332689e+01 -4.173124e+01 1.729717e+04
196 4.422783e+01 -3.766326e+01 1.748489e+04
197 3.347760e+01 -3.342521e+01 1.764832e+04
198 1.983723e+01 -3.380261e+01 1.775809e+04
199 8.994810e+00 -3.887761e+01 1.781394e+04
200 9.939745e+00 -4.344284e+01 1.784513e+04
201 5.014326e+01 -4.913563e+01 1.718843e+04
202 5.174917e+01 -5.017201e+01 1.729506e+04
203 4.876705e+01 -4.392651e+01 1.739951e+04
204 4.224434e+01 -3.942481e+01 1.749471e+04
205 3.482782e+01 -3.664369e+01 1.757519e+04
206 2.647529e+01 -3.584305e+01 1.763837e+04
207 1.808777e+01 -3.705341e+01 1.768416e+04
208 1.062203e+01 -4.029121e+01 1.771251e+04
209 3.961946e+00 -4.527310e+01 1.772590e+04
210 8.792921e-01 -5.201614e+01 1.772983e+04
211 2.539972e+00 -5.103193e+01 1.773147e+04
212 6.644423e+01 -6.590467e+01 1.704360e+04
213 5.508800e+01 -4.667686e+01 1.730547e+04
214 3.654438e+01 -3.700972e+01 1.749699e+04
215 1.599463e+01 -3.742942e+01 1.760507e+04
216 -2.906648e+00 -4.806210e+01 1.762913e+04
217 -1.474406e+01 -6.807900e+01 1.758060e+04
218 8.625669e+01 -7.718285e+01 1.687847e+04
219 7.239208e+01 -6.104263e+01 1.705470e+04
220 5.377831e+01 -4.499899e+01 1.720942e+04
221 4.628451e+01 -3.822154e+01 1.732747e+04
222 3.612137e+01 -3.514950e+01 1.742135e+04
223 2.625964e+01 -3.438844e+01 1.748811e+04
224 1.637531e+01 -3.555905e+01 1.752861e+04
225 6.080629e+00 -3.902851e+01 1.754170e+04
226 -1.494492e+00 -4.632075e+01 1.753026e+04
227 -2.131998e+01 -6.320055e+01 1.748093e+04
228 -3.647390e+01 -7.926671e+01 1.740907e+04
229 9.306941e+01 4.633862e+01 1.732774e+04
230 3.610719e+01 1.006280e+00 1.766936e+04
231 2.559004e+01 -5.989015e+00 1.788497e+04
232 1.120080e+01 -5.452601e+00 1.799510e+04
233 4.341832e-01 1.851612e+00 1.800108e+04
234 -4.172757e+01 6.298326e+01 1.788561e+04
235 3.558651e+01 2.497767e+00 1.746057e+04
236 3.136226e+01 -2.358257e+00 1.767695e+04
237 2.442040e+01 -5.686168e+00 1.785404e+04
238 1.235992e+01 -5.529129e+00 1.796540e+04
239 5.336306e+00 -2.611769e+00 1.801233e+04
240 2.047836e+00 2.129622e+00 1.802310e+04
241 2.833843e+01 -8.085225e+00 1.747263e+04
242 2.828693e+01 -9.267654e+00 1.764846e+04
243 2.242548e+01 -1.128471e+01 1.780632e+04
244 1.425795e+01 -1.138894e+01 1.791777e+04
245 8.594215e+00 -9.535152e+00 1.798337e+04
246 8.938063e+00 -8.404551e+00 1.803205e+04
247 2.803031e+01 -2.203575e+01 1.738193e+04
248 2.808904e+01 -2.100031e+01 1.755656e+04
249 2.227830e+01 -1.927414e+01 1.771347e+04
250 1.408271e+01 -1.949517e+01 1.782396e+04
251 8.244099e+00 -2.173059e+01 1.788800e+04
252 8.290815e+00 -2.305918e+01 1.793429e+04
253 3.489745e+01 -3.253587e+01 1.718846e+04
254 3.102696e+01 -2.790368e+01 1.740116e+04
255 2.399997e+01 -2.485932e+01 1.757565e+04
256 1.182403e+01 -2.514589e+01 1.768461e+04
257 4.827457e+00 -2.875693e+01 1.772762e+04
258 7.430519e-01 -3.378844e+01 1.773151e+04
259 8.698897e+01 -7.805286e+01 1.687486e+04
260 3.559940e+01 -3.134697e+01 1.720938e+04
261 2.507122e+01 -2.458277e+01 1.742124e+04
262 1.046303e+01 -2.488253e+01 1.752846e+04
263 -1.277268e-01 -3.227106e+01 1.753021e+04
264 -5.538544e+01 -8.008683e+01 1.740529e+04
265 0.000000e+00 0.000000e+00 0.000000e+00
266 0.000000e+00 0.000000e+00 0.000000e+00
267 0.000000e+00 0.000000e+00 0.000000e+00
268 0.000000e+00 0.000000e+00 0.000000e+00
269 0.000000e+00 0.000000e+00 0.000000e+00
270 0.000000e+00 0.000000e+00 0.000000e+00
271 0.000000e+00 0.000000e+00 0.000000e+00
272 0.000000e+00 0.000000e+00 0.000000e+00
273 0.000000e+00 0.000000e+00 0.000000e+00
274 0.000000e+00 0.000000e+00 0.000000e+00
275 0.000000e+00 0.000000e+00 0.000000e+00
276 0.000000e+00 0.000000e+00 0.000000e+00
277 0.000000e+00 0.000000e+00 0.000000e+00
278 0.000000e+00 0.000000e+00 0.000000e+00
279 0.000000e+00 0.000000e+00 0.000000e+00
280 2.918442e+01 1.180357e+02 3.069335e+02
281 -5.927216e-01 1.487943e+02 4.436287e+02
282 -1.235540e+01 1.276867e+02 3.824192e+02
283 -1.022268e+01 8.694197e+01 2.657815e+02
284 1.951842e+01 1.066026e+02 3.166307e+02
285 6.299439e+00 1.507618e+02 4.426741e+02
286 -2.465431e+00 1.595173e+02 4.762025e+02
287 -2.998213e+01 1.209970e+02 3.102941e+02
288 6.430755e+01 2.462157e+02 1.358611e+03
289 2.964475e+01 2.755441e+02 1.627645e+03
290 2.167336e+00 2.821308e+02 1.725972e+03
291 -1.688477e+01 2.766009e+02 1.664508e+03
292 -4.389268e+01 2.482576e+02 1.489522e+03
293 -4.163712e+01 2.060737e+02 1.237274e+03
294 -3.166507e+01 1.664683e+02 9.952526e+02
295 1.758398e+01 1.687385e+02 1.002488e+03
296 6.096903e+01 2.128152e+02 1.233246e+03
297 4.271767e+01 2.608468e+02 1.545328e+03
298 2.552954e+01 2.941211e+02 1.756877e+03
299 8.411801e+00 3.085174e+02 1.845802e+03
300 -1.274582e+01 3.057044e+02 1.845751e+03
301 -3.951096e+01 2.857094e+02 1.689751e+03
302 -6.881175e+01 2.513728e+02 1.376474e+03
303 1.064170e+02 3.260797e+02 3.016396e+03
304 2.743272e+00 3.978384e+02 3.683179e+03
305 -8.864595e+01 3.166200e+02 3.136342e+03
306 -8.294370e+01 2.247967e+02 2.141246e+03
307 1.056064e+02 3.288720e+02 2.839927e+03
308 5.484477e+01 4.084774e+02 3.787270e+03
309 -2.937725e+01 4.097076e+02 3.920575e+03
310 -1.163275e+02 3.349716e+02 3.074429e+03
311 3.001747e+02 2.884544e+02 2.172685e+03
312 2.507650e+02 3.234665e+02 3.774892e+03
313 1.872342e+02 3.767956e+02 5.031268e+03
314 1.126687e+02 4.498057e+02 5.905539e+03
315 1.057283e+01 5.224454e+02 6.316139e+03
316 -9.662721e+01 4.478420e+02 5.926151e+03
317 -1.541175e+02 3.623974e+02 5.109210e+03
318 -1.311924e+02 3.061085e+02 4.294903e+03
319 -1.157264e+02 2.668523e+02 3.555866e+03
320 1.576726e+02 4.030919e+02 4.958356e+03
321 1.275868e+02 4.578662e+02 5.816009e+03
322 8.225386e+01 5.247497e+02 6.484448e+03
323 6.301465e+00 5.286516e+02 6.729691e+03
324 -5.745979e+01 5.026388e+02 6.573526e+03
325 -1.205332e+02 4.543096e+02 6.062932e+03
326 -1.803244e+02 3.991566e+02 5.186683e+03
327 -2.504566e+02 3.429301e+02 3.950265e+03
328 -2.937922e+02 3.152284e+02 2.355944e+03
329 3.269579e+02 2.460095e+02 3.740325e+03
330 2.609372e+02 3.681230e+02 7.209903e+03
331 1.816408e+02 5.832859e+02 9.701040e+03
332 6.394513e+01 6.177335e+02 9.852312e+03
333 -1.157209e+02 5.590625e+02 9.657902e+03
334 -2.570941e+02 3.984776e+02 7.509024e+03
335 -3.318234e+02 2.630392e+02 4.035239e+03
336 0.000000e+00 0.000000e+00 0.000000e+00
337 1.152885e+02 2.927295e+01 2.946056e+02
338 2.400848e+02 6.769331e+01 1.310636e+03
339 3.204291e+02 1.143596e+02 2.933735e+03
340 3.818523e+02 1.772221e+02 4.954443e+03
341 3.808449e+02 2.537030e+02 7.175216e+03
342 3.671560e+02 3.639294e+02 9.358449e+03
343 3.223486e+02 4.713809e+02 1.130807e+04
344 3.288656e+02 5.816765e+02 1.323735e+04
345 5.250697e+01 6.816622e+02 1.364292e+04
346 -4.315529e+01 6.586429e+02 1.368699e+04
347 -1.938142e+02 6.143832e+02 1.306989e+04
348 -2.787193e+02 5.012692e+02 1.163370e+04
349 -3.679951e+02 3.847968e+02 9.796543e+03
350 -3.780598e+02 2.771078e+02 7.605440e+03
351 -3.908732e+02 1.964773e+02 5.359080e+03
352 -3.452971e+02 1.119921e+02 3.249547e+03
353 -2.672665e+02 6.948955e+01 1.466356e+03
354 -1.278643e+02 3.105952e+01 3.293982e+02
355 0.000000e+00 0.000000e+00 0.000000e+00
356 0.000000e+00 0.000000e+00 0.000000e+00
357 2.741650e+02 3.955700e+01 1.620851e+03
358 4.366975e+02 1.205660e+02 5.821638e+03
359 4.825083e+02 2.766000e+02 1.117924e+04
360 3.123231e+02 3.486345e+02 1.587999e+04
361 -2.464763e+02 4.095032e+02 1.611156e+04
362 -4.737643e+02 3.396512e+02 1.184463e+04
363 -4.729389e+02 1.277267e+02 6.300914e+03
364 -2.971438e+02 3.225172e+01 1.759415e+03
365 0.000000e+00 0.000000e+00 0.000000e+00
366 0.000000e+00 0.000000e+00 0.000000e+00
367 1.539192e+02 2.823104e+00 4.591156e+02
368 2.949049e+02 1.395154e+01 1.780154e+03
369 3.952725e+02 3.160930e+01 3.781549e+03
370 4.851750e+02 6.044252e+01 6.342030e+03
371 5.393148e+02 1.180806e+02 9.317480e+03
372 5.925234e+02 1.942190e+02 1.261072e+04
373 4.013145e+02 2.450600e+02 1.555681e+04
374 9.962184e+01 6.572261e+01 1.732622e+04
375 3.226092e+01 8.815704e+00 1.751614e+04
376 1.645340e+01 6.600340e-01 1.766862e+04
377 1.441405e+01 -5.225059e+00 1.779109e+04
378 1.488085e+01 -1.786919e+00 1.788477e+04
379 9.705963e+00 -2.886823e+00 1.795349e+04
380 4.617900e+00 -1.048860e+00 1.799502e+04
381 4.330584e+00 -5.544019e+00 1.801163e+04
382 2.278608e+00 1.248380e+00 1.800048e+04
383 -9.773409e+00 9.956896e+00 1.795809e+04
384 -6.243308e+01 8.701251e+01 1.788413e+04
385 -3.419971e+02 3.173785e+02 1.647787e+04
386 -5.763893e+02 3.479630e+02 1.387991e+04
387 -5.964836e+02 2.048566e+02 1.032273e+04
388 -5.603324e+02 3.322405e+01 6.809019e+03
389 -4.279952e+02 6.085398e+00 3.974232e+03
390 -3.046386e+02 4.848023e-01 1.859848e+03
391 -1.612360e+02 -1.625658e-01 4.766000e+02
392 0.000000e+00 0.000000e+00 0.000000e+00
393 0.000000e+00 0.000000e+00 0.000000e+00
394 2.994926e+02 -5.973748e+00 1.791000e+03
395 5.114533e+02 -1.755095e-01 6.523871e+03
396 6.362499e+02 4.877980e+01 1.324802e+04
397 2.739161e+01 1.169698e+01 1.740922e+04
398 2.408638e+01 5.025858e+00 1.767180e+04
399 1.250131e+01 -2.999330e+00 1.786900e+04
400 6.564190e+00 -3.070395e+00 1.797985e+04
401 -3.657500e+00 6.644701e+00 1.800565e+04
402 -7.242475e+00 1.533305e+01 1.797270e+04
403 -5.208096e+02 -8.008398e+01 6.576121e+03
404 -2.920933e+02 -3.562973e+01 1.742059e+03
405 0.000000e+00 0.000000e+00 0.000000e+00
406 0.000000e+00 0.000000e+00 0.000000e+00
407 1.474029e+02 -5.032427e+00 4.346081e+02
408 2.881196e+02 -2.189661e+01 1.720243e+03
409 3.981611e+02 -4.712030e+01 3.703540e+03
410 5.088379e+02 -7.216428e+01 6.326063e+03
411 5.971383e+02 -5.419585e+01 9.585331e+03
412 6.577472e+02 -4.373530e+01 1.324632e+04
413 1.889125e+01 -7.658921e-01 1.745997e+04
414 2.400149e+01 5.321145e+00 1.756767e+04
415 1.358627e+01 -3.601782e+00 1.767854e+04
416 1.419109e+01 -2.389911e+00 1.777314e+04
417 1.327660e+01 -2.976190e+00 1.785427e+04
418 9.658890e+00 -2.915130e+00 1.791835e+04
419 6.055373e+00 -2.804385e+00 1.796562e+04
420 4.838239e+00 -2.472912e+00 1.799620e+04
421 5.131763e+00 -4.373877e+00 1.801395e+04
422 -3.361273e+00 6.657074e+00 1.801631e+04
423 9.719279e-01 -1.475038e+00 1.802231e+04
424 -4.839291e+02 -1.550770e+02 5.864646e+03
425 -3.919309e+02 -1.081517e+02 3.324069e+03
426 -2.481865e+02 -7.958093e+01 1.420447e+03
427 -1.217330e+02 -2.539326e+01 3.538588e+02
428 0.000000e+00 0.000000e+00 0.000000e+00
429 0.000000e+00 0.000000e+00 0.000000e+00
430 2.594525e+02 -3.453892e+01 1.542715e+03
431 4.457280e+02 -1.130267e+02 5.730620e+03
432 1.232877e+01 -2.808784e+00 1.748002e+04
433 1.529054e+01 -3.286358e+00 1.766997e+04
434 1.194009e+01 -4.217051e+00 1.783490e+04
435 7.331166e+00 -4.167398e+00 1.794648e+04
436 3.923076e+00 -3.647479e+00 1.800560e+04
437 6.769591e+00 -3.508298e+00 1.804174e+04
438 -1.601012e+02 -5.363099e+01 9.733085e+02
439 0.000000e+00 0.000000e+00 0.000000e+00
440 0.000000e+00 0.000000e+00 0.000000e+00
441 1.117149e+02 -1.570590e+01 3.361965e+02
442 2.185447e+02 -4.670531e+01 1.289610e+03
443 3.244944e+02 -9.031526e+01 2.892066e+03
444 3.921419e+02 -1.403351e+02 4.965661e+03
445 1.652819e+01 -3.005466e+00 1.747253e+04
446 1.470607e+01 -4.924715e+00 1.756016e+04
447 1.488012e+01 -4.445162e+00 1.764868e+04
448 1.353405e+01 -5.726457e+00 1.773229e+04
449 1.182972e+01 -5.815804e+00 1.780667e+04
450 9.593344e+00 -6.065818e+00 1.786854e+04
451 7.371520e+00 -5.884919e+00 1.791813e+04
452 5.753697e+00 -5.810953e+00 1.795535e+04
453 4.493519e+00 -4.474936e+00 1.798360e+04
454 4.543346e+00 -5.380563e+00 1.800720e+04
455 3.339838e+00 -2.824241e+00 1.803183e+04
456 -1.037753e+02 -1.483553e+01 6.904683e+02
457 -6.191770e+01 -3.781455e+00 2.081536e+02
458 0.000000e+00 0.000000e+00 0.000000e+00
459 0.000000e+00 0.000000e+00 0.000000e+00
460 1.960881e+02 -9.356228e-01 1.169117e+03
461 1.486000e+01 -7.895961e+00 1.744050e+04
462 1.479925e+01 -7.928714e+00 1.761095e+04
463 1.157682e+01 -7.999058e+00 1.776624e+04
464 7.558014e+00 -8.099050e+00 1.787732e+04
465 4.417558e+00 -8.158160e+00 1.794439e+04
466 4.410217e+00 -8.163732e+00 1.799674e+04
467 -1.339331e+02 3.229434e+01 8.154636e+02
468 0.000000e+00 0.000000e+00 0.000000e+00
469 0.000000e+00 0.000000e+00 0.000000e+00
470 1.106449e+02 1.524329e+01 3.336427e+02
471 2.160190e+02 4.514973e+01 1.277003e+03
472 3.195415e+02 8.892871e+01 2.856035e+03
473 3.857730e+02 1.381162e+02 4.896944e+03
474 1.618791e+01 -1.278732e+01 1.738180e+04
475 1.466983e+01 -1.083165e+01 1.746882e+04
476 1.474516e+01 -1.141454e+01 1.755679e+04
477 1.343799e+01 -1.020996e+01 1.763989e+04
478 1.174933e+01 -1.017932e+01 1.771383e+04
479 9.523745e+00 -1.002371e+01 1.777524e+04
480 7.295640e+00 -1.029697e+01 1.782432e+04
481 5.582278e+00 -1.044775e+01 1.786087e+04
482 4.245073e+00 -1.182768e+01 1.788823e+04
483 4.462828e+00 -1.129112e+01 1.791072e+04
484 2.682845e+00 -1.340581e+01 1.793419e+04
485 -3.974242e+02 1.667105e+02 4.771711e+03
486 -3.204195e+02 1.148322e+02 2.693533e+03
487 -2.005919e+02 7.162661e+01 1.141636e+03
488 -9.814452e+01 2.118608e+01 2.883288e+02
489 0.000000e+00 0.000000e+00 0.000000e+00
490 0.000000e+00 0.000000e+00 0.000000e+00
491 2.565054e+02 3.439025e+01 1.525892e+03
492 4.383904e+02 1.123479e+02 5.652804e+03
493 1.235254e+01 -1.291928e+01 1.729859e+04
494 1.516031e+01 -1.253957e+01 1.748614e+04
495 1.179536e+01 -1.180578e+01 1.764926e+04
496 7.119514e+00 -1.193263e+01 1.775904e+04
497 3.747440e+00 -1.296526e+01 1.781523e+04
498 6.710823e+00 -1.349610e+01 1.784661e+04
499 -4.503441e+02 1.352459e+02 5.675547e+03
500 -2.531728e+02 4.875805e+01 1.493311e+03
501 0.000000e+00 0.000000e+00 0.000000e+00
502 0.000000e+00 0.000000e+00 0.000000e+00
503 1.461606e+02 5.322253e+00 4.314203e+02
504 2.856295e+02 2.297155e+01 1.705701e+03
505 3.928672e+02 4.866243e+01 3.667016e+03
506 5.002246e+02 7.386820e+01 6.249809e+03
507 5.838585e+02 5.769582e+01 9.442492e+03
508 6.422990e+02 4.588594e+01 1.301948e+04
509 1.849854e+01 -1.495353e+01 1.718786e+04
510 2.318726e+01 -2.117568e+01 1.729368e+04
511 1.365233e+01 -1.222587e+01 1.740269e+04
512 1.408334e+01 -1.352863e+01 1.749594e+04
513 1.303527e+01 -1.305012e+01 1.757589e+04
514 9.372282e+00 -1.307320e+01 1.763884e+04
515 5.705822e+00 -1.320871e+01 1.768484e+04
516 4.748021e+00 -1.382983e+01 1.771376e+04
517 5.308761e+00 -1.259713e+01 1.772922e+04
518 -4.878957e+00 -2.191416e+01 1.772839e+04
519 1.640147e-01 -1.553215e+01 1.773088e+04
520 -6.685296e+02 5.556990e+01 1.340876e+04
521 -6.060442e+02 6.968263e+01 9.689748e+03
522 -5.166245e+02 8.772589e+01 6.380672e+03
523 -4.017374e+02 6.014307e+01 3.727077e+03
524 -2.893767e+02 2.826030e+01 1.729500e+03
525 -1.486297e+02 7.654111e+00 4.344482e+02
526 0.000000e+00 0.000000e+00 0.000000e+00
527 0.000000e+00 0.000000e+00 0.000000e+00
528 2.983754e+02 7.987870e+00 1.785707e+03
529 5.036031e+02 5.725845e+00 6.468661e+03
530 6.181078e+02 -4.336504e+01 1.304178e+04
531 2.660233e+01 -2.781465e+01 1.704706e+04
532 2.331217e+01 -2.096684e+01 1.730400e+04
533 1.227902e+01 -1.293143e+01 1.749793e+04
534 6.388690e+00 -1.306372e+01 1.760604e+04
535 -5.078143e+00 -2.157717e+01 1.762755e+04
536 -8.447006e+00 -2.864375e+01 1.758412e+04
537 -6.417220e+02 -3.894549e+01 1.347296e+04
538 -5.205196e+02 1.289975e+01 6.661335e+03
539 -3.065127e+02 1.121661e+01 1.836166e+03
540 0.000000e+00 0.000000e+00 0.000000e+00
541 0.000000e+00 0.000000e+00 0.000000e+00
542 1.547333e+02 -1.950582e+00 4.621085e+02
543 2.960950e+02 -1.097835e+01 1.789006e+03
544 3.932187e+02 -2.574922e+01 3.789122e+03
545 4.791861e+02 -5.146726e+01 6.327953e+03
546 5.267912e+02 -1.082841e+02 9.250182e+03
547 5.708273e+02 -1.836274e+02 1.244490e+04
548 3.726124e+02 -2.316923e+02 1.523221e+04
549 9.181730e+01 -8.294061e+01 1.687331e+04
550 3.075382e+01 -2.454448e+01 1.705865e+04
551 1.637265e+01 -1.656524e+01 1.720872e+04
552 1.435747e+01 -1.076364e+01 1.732899e+04
553 1.453224e+01 -1.426963e+01 1.742110e+04
554 9.292018e+00 -1.304346e+01 1.748832e+04
555 4.013612e+00 -1.447975e+01 1.752828e+04
556 4.385189e+00 -1.097329e+01 1.754329e+04
557 2.351082e+00 -1.703634e+01 1.752949e+04
558 -1.303749e+01 -2.541665e+01 1.748519e+04
559 -7.861395e+01 -8.510777e+01 1.740369e+04
560 -3.801841e+02 -2.401925e+02 1.575842e+04
561 -5.922049e+02 -1.879265e+02 1.288084e+04
562 -5.455049e+02 -1.085582e+02 9.570314e+03
563 -4.952581e+02 -4.946824e+01 6.546215e+03
564 -4.067183e+02 -2.382616e+01 3.921883e+03
565 -3.063797e+02 -9.770954e+00 1.852286e+03
566 -1.600918e+02 -1.685435e+00 4.790083e+02
567 0.000000e+00 0.000000e+00 0.000000e+00
568 0.000000e+00 0.000000e+00 0.000000e+00
569 2.782710e+02 -3.569621e+01 1.649757e+03
570 4.338509e+02 -1.110425e+02 5.860950e+03
571 4.638901e+02 -2.587825e+02 1.109888e+04
572 2.539581e+02 -3.502503e+02 1.535504e+04
573 -2.539863e+02 -3.597558e+02 1.584618e+04
574 -4.791382e+02 -2.669126e+02 1.149578e+04
575 -4.487626e+02 -1.124421e+02 6.081165e+03
576 -2.892406e+02 -3.570943e+01 1.715854e+03
577 0.000000e+00 0.000000e+00 0.000000e+00
578 0.000000e+00 0.000000e+00 0.000000e+00
579 1.198323e+02 -2.793120e+01 3.107625e+02
580 2.474560e+02 -6.339263e+01 1.363807e+03
581 3.242731e+02 -1.060352e+02 3.021993e+03
582 3.809654e+02 -1.659270e+02 5.056032e+03
583 3.735144e+02 -2.398410e+02 7.252384e+03
584 3.553109e+02 -3.450635e+02 9.372443e+03
585 2.800300e+02 -4.512843e+02 1.119028e+04
586 2.237174e+02 -5.542499e+02 1.271668e+04
587 1.116197e+02 -6.166089e+02 1.363711e+04
588 3.954086e+01 -6.420545e+02 1.406896e+04
589 -3.961390e+01 -6.616396e+02 1.451167e+04
590 -1.133154e+02 -6.354942e+02 1.407492e+04
591 -2.280220e+02 -5.708692e+02 1.313738e+04
592 -2.862174e+02 -4.661231e+02 1.157807e+04
593 -3.656872e+02 -3.565750e+02 9.713678e+03
594 -3.855841e+02 -2.470237e+02 7.528363e+03
595 -3.940604e+02 -1.703518e+02 5.258448e+03
596 -3.365492e+02 -1.084383e+02 3.151095e+03
597 -2.580952e+02 -6.457720e+01 1.426473e+03
598 -1.252966e+02 -2.865668e+01 3.256579e+02
599 0.000000e+00 0.000000e+00 0.000000e+00
600 3.220763e+02 -2.317667e+02 3.917216e+03
601 2.492589e+02 -3.673667e+02 7.297314e+03
602 1.424435e+02 -5.348930e+02 9.532264e+03
603 2.011236e+01 -6.214485e+02 1.038481e+04
604 -1.941993e+01 -6.406750e+02 1.071406e+04
605 -1.450763e+02 -5.519048e+02 9.853046e+03
606 -2.557796e+02 -3.798479e+02 7.568620e+03
607 -3.323945e+02 -2.388058e+02 4.088232e+03
608 2.858553e+02 -2.785603e+02 2.434112e+03
609 2.370524e+02 -3.172849e+02 3.951824e+03
610 1.706963e+02 -3.798035e+02 5.121950e+03
611 1.223927e+02 -4.411912e+02 5.971342e+03
612 6.803543e+01 -5.028434e+02 6.518475e+03
613 2.817758e+01 -5.534816e+02 6.805454e+03
614 -1.262976e+01 -5.963632e+02 6.853718e+03
615 1.407026e+01 -6.152553e+02 7.072286e+03
616 -2.776079e+01 -5.712624e+02 7.029405e+03
617 -6.869023e+01 -5.195707e+02 6.741271e+03
618 -1.248103e+02 -4.562443e+02 6.184965e+03
619 -1.742771e+02 -3.931723e+02 5.318232e+03
620 -2.433477e+02 -3.280903e+02 4.120010e+03
621 -2.944020e+02 -2.871840e+02 2.559467e+03
622 1.087725e+02 -3.295434e+02 3.079044e+03
623 2.776366e+01 -4.037414e+02 3.881578e+03
624 -5.158629e+01 -4.568488e+02 3.739641e+03
625 5.394074e+01 -4.714312e+02 3.859679e+03
626 -2.767570e+01 -4.174303e+02 4.016004e+03
627 -1.109122e+02 -3.417819e+02 3.200797e+03
628 6.751148e+01 -2.533854e+02 1.380205e+03
629 3.767244e+01 -2.847264e+02 1.685356e+03
630 1.122105e+01 -3.018586e+02 1.825582e+03
631 -2.548530e+01 -2.985471e+02 1.781316e+03
632 -6.933551e+01 -2.735961e+02 1.531504e+03
633 -7.186956e+01 -1.687253e+02 1.022227e+03
634 -5.379059e+01 -8.769921e+01 5.792544e+02
635 1.185126e+00 -7.109393e+01 4.700463e+02
636 5.628252e+01 -8.980783e+01 5.932393e+02
637 7.459849e+01 -1.739263e+02 1.053622e+03
638 7.185063e+01 -2.824014e+02 1.581037e+03
639 2.670951e+01 -3.085443e+02 1.841034e+03
640 -1.106610e+01 -3.123742e+02 1.889370e+03
641 -3.825054e+01 -2.951984e+02 1.747956e+03
642 -6.906670e+01 -2.633802e+02 1.436715e+03
643 2.962072e+01 -1.208253e+02 3.093010e+02
644 2.746822e+00 -1.594355e+02 4.692176e+02
645 -2.281265e+01 -1.328435e+02 3.718682e+02
646 -1.258406e+01 -5.169368e+01 1.755396e+02
647 1.329432e+01 -5.297509e+01 1.794761e+02
648 2.362868e+01 -1.371270e+02 3.839705e+02
649 -2.691597e+00 -1.650008e+02 4.856853e+02
650 -3.040246e+01 -1.257506e+02 3.226632e+02
651 0.000000e+00 0.000000e+00 0.000000e+00
652 0.000000e+00 0.000000e+00 0.000000e+00
653 0.000000e+00 0.000000e+00 0.000000e+00
654 0.000000e+00 0.000000e+00 0.000000e+00
655 0.000000e+00 0.000000e+00 0.000000e+00
656 0.000000e+00 0.000000e+00 0.000000e+00
657 0.000000e+00 0.000000e+00 0.000000e+00
658 0.000000e+00 0.000000e+00 0.000000e+00
659 0.000000e+00 0.000000e+00 0.000000e+00
660 0.000000e+00 0.000000e+00 0.000000e+00
661 0.000000e+00 0.000000e+00 0.000000e+00
662 0.000000e+00 0.000000e+00 0.000000e+00
663 0.000000e+00 0.000000e+00 0.000000e+00
664 0.000000e+00 0.000000e+00 0.000000e+00
665 0.000000e+00 0.000000e+00 0.000000e+00
666 0.000000e+00 0.000000e+00 0.000000e+00
667 0.000000e+00 0.000000e+00 0.000000e+00
668 0.000000e+00 0.000000e+00 0.000000e+00
669 0.000000e+00 0.000000e+00 0.000000e+00
670 0.000000e+00 0.000000e+00 0.000000e+00
671 0.000000e+00 0.000000e+00 0.000000e+00
672 0.000000e+00 0.000000e+00 0.000000e+00
673 0.000000e+00 0.000000e+00 0.000000e+00
674 1.390640e-10 1.836848e-10 1.354775e+03
675 3.559136e-11 1.427993e-10 1.721163e+03
676 -9.659363e-11 3.227270e-11 1.485494e+03
677 -4.282338e-11 1.918452e-11 9.908212e+02
678 1.077788e-10 5.719723e-11 1.228053e+03
679 1.537716e-10 -1.326040e-10 1.751605e+03
680 2.461857e-10 -2.686644e-10 1.840707e+03
681 3.560683e-10 -4.767668e-10 1.372335e+03
682 2.551525e-11 -2.419086e-10 2.175884e+03
683 -1.757559e-10 2.006418e-10 5.033080e+03
684 -1.435812e-10 3.893231e-10 6.316148e+03
685 -8.819853e-11 6.655117e-11 5.109609e+03
686 -4.654159e-11 -6.579523e-11 3.555004e+03
687 4.656132e-10 1.425980e-10 4.957861e+03
688 4.618037e-10 -2.140008e-10 6.483889e+03
689 6.211435e-10 -5.934346e-10 6.572918e+03
690 7.763055e-10 -6.164346e-10 5.188509e+03
691 8.627816e-10 -2.056004e-10 2.359141e+03
692 0.000000e+00 0.000000e+00 0.000000e+00
693 -2.302734e-10 -1.354301e-10 1.306674e+03
694 -2.872861e-10 -2.055208e-10 4.956190e+03
695 -3.119720e-10 1.114553e-10 9.360483e+03
696 -2.518620e-10 1.084378e-09 1.324123e+04
697 9.396977e-10 -2.415401e-10 1.364273e+04
698 8.601764e-10 -1.038671e-09 1.307523e+04
699 4.887960e-10 -5.331648e-10 9.798647e+03
700 3.120485e-10 -4.511780e-11 5.361167e+03
701 4.571849e-11 3.646600e-11 1.462167e+03
702 0.000000e+00 0.000000e+00 0.000000e+00
703 0.000000e+00 0.000000e+00 0.000000e+00
704 -1.864349e-10 -5.751417e-11 1.775272e+03
705 -4.116817e-10 -5.267483e-11 6.341419e+03
706 -1.060341e-09 -1.384820e-10 1.261583e+04
707 -1.917887e-09 2.675818e-09 1.733871e+04
708 -1.792749e-09 1.814206e-09 1.766576e+04
709 -1.751308e-09 9.464973e-10 1.788545e+04
710 -1.725826e-09 1.208181e-10 1.799574e+04
711 -1.666043e-09 -7.716854e-10 1.799748e+04
712 -1.372779e-09 -1.507715e-09 1.789691e+04
713 -3.732894e-10 -4.868219e-10 1.388424e+04
714 -1.168788e-10 4.050143e-11 6.808843e+03
715 -8.761790e-12 7.603629e-11 1.855059e+03
716 0.000000e+00 0.000000e+00 0.000000e+00
717 0.000000e+00 0.000000e+00 0.000000e+00
718 -1.229231e-10 -1.554304e-11 1.715072e+03
719 -2.465095e-10 -3.818401e-11 6.325504e+03
720 -2.000533e-10 -3.706811e-10 1.324619e+04
721 -8.983528e-10 2.770150e-09 1.745705e+04
722 -8.948651e-10 1.838170e-09 1.767940e+04
723 -9.127718e-10 9.659812e-10 1.785424e+04
724 -8.645806e-10 8.766706e-11 1.796559e+04
725 -8.448711e-10 -7.270990e-10 1.801482e+04
726 -9.012094e-10 -1.545093e-09 1.801940e+04
727 -3.126020e-11 4.769295e-11 5.865369e+03
728 -8.183033e-11 4.280390e-11 1.415041e+03
729 0.000000e+00 0.000000e+00 0.000000e+00
730 0.000000e+00 0.000000e+00 0.000000e+00
731 -4.906046e-11 -5.851784e-11 1.284225e+03
732 -1.150491e-10 -8.108388e-12 4.965403e+03
733 -2.753786e-11 2.737145e-09 1.747323e+04
734 -3.009754e-11 1.820742e-09 1.764865e+04
735 -1.284532e-11 9.640121e-10 1.780684e+04
736 -2.279542e-11 5.193373e-11 1.791829e+04
737 9.809095e-12 -7.778527e-10 1.798357e+04
738 5.234212e-12 -1.641050e-09 1.803253e+04
739 -1.983693e-11 9.343513e-11 6.865733e+02
740 0.000000e+00 0.000000e+00 0.000000e+00
741 0.000000e+00 0.000000e+00 0.000000e+00
742 -8.089762e-12 -2.672354e-10 1.271658e+03
743 -4.469092e-11 -5.057523e-10 4.896690e+03
744 9.110811e-10 2.680773e-09 1.738246e+04
745 8.579734e-10 1.861481e-09 1.755677e+04
746 8.714114e-10 9.602281e-10 1.771399e+04
747 9.314652e-10 6.725571e-11 1.782448e+04
748 9.241186e-10 -7.318814e-10 1.788820e+04
749 8.575421e-10 -1.609861e-09 1.793489e+04
750 1.364451e-10 -3.111942e-11 4.770958e+03
751 1.674003e-10 1.407189e-10 1.136972e+03
752 0.000000e+00 0.000000e+00 0.000000e+00
753 0.000000e+00 0.000000e+00 0.000000e+00
754 4.869052e-11 -3.993149e-10 1.700577e+03
755 2.315399e-10 -3.745013e-10 6.249249e+03
756 2.439500e-10 -7.115091e-10 1.301939e+04
757 1.721756e-09 2.674993e-09 1.718508e+04
758 1.686248e-09 1.828646e-09 1.740352e+04
759 1.695323e-09 1.015814e-09 1.757587e+04
760 1.707568e-09 1.505943e-10 1.768481e+04
761 1.720806e-09 -6.871433e-10 1.773008e+04
762 1.694186e-09 -1.473645e-09 1.772795e+04
763 2.405566e-11 4.026015e-11 1.340863e+04
764 4.034969e-11 -1.576807e-10 6.380206e+03
765 3.701863e-11 5.969806e-11 1.724283e+03
766 0.000000e+00 0.000000e+00 0.000000e+00
767 0.000000e+00 0.000000e+00 0.000000e+00
768 1.675379e-10 -3.165153e-10 1.784113e+03
769 4.450385e-10 -5.470458e-10 6.327492e+03
770 8.846839e-10 -4.877636e-10 1.245005e+04
771 2.668224e-09 2.679164e-09 1.688529e+04
772 2.508431e-09 1.889924e-09 1.720596e+04
773 2.490232e-09 1.011077e-09 1.742175e+04
774 2.538282e-09 1.556535e-10 1.752899e+04
775 2.457012e-09 -7.069554e-10 1.752660e+04
776 2.152495e-09 -1.396837e-09 1.741628e+04
777 4.571345e-10 2.183460e-10 1.288629e+04
778 1.017744e-10 4.630447e-11 6.545783e+03
779 2.130886e-11 7.430253e-11 1.847283e+03
780 0.000000e+00 0.000000e+00 0.000000e+00
781 0.000000e+00 0.000000e+00 0.000000e+00
782 4.012308e-10 -3.795592e-10 1.359826e+03
783 4.407924e-10 -8.453168e-10 5.057777e+03
784 -2.127724e-12 7.549480e-10 9.375433e+03
785 -2.593233e-10 8.828427e-10 1.272177e+04
786 -3.235925e-10 3.056965e-10 1.406984e+04
787 -3.128811e-10 -3.846194e-10 1.451256e+04
788 -2.522570e-10 -6.955456e-10 1.314267e+04
789 -1.174653e-10 -7.556255e-10 9.716816e+03
790 -1.607496e-10 3.120995e-10 5.260319e+03
791 7.840169e-11 1.164265e-10 1.422331e+03
792 0.000000e+00 0.000000e+00 0.000000e+00
793 -7.838524e-10 -8.125791e-10 2.437412e+03
794 -3.910107e-10 3.719361e-10 5.123824e+03
795 -1.654125e-10 4.263836e-10 6.517584e+03
796 -1.085914e-10 3.129740e-10 6.852806e+03
797 -1.699963e-10 -3.156138e-10 7.071353e+03
798 -2.772722e-10 -4.578468e-10 6.740356e+03
799 -3.493654e-10 -3.867394e-10 5.320186e+03
800 -6.748586e-10 2.943532e-10 2.562898e+03
801 -1.514663e-10 2.730542e-10 1.376077e+03
802 -5.928329e-11 1.921495e-10 1.820934e+03
803 -1.153627e-11 8.895119e-11 1.525427e+03
804 -4.006406e-11 -2.406544e-14 5.762927e+02
805 -1.068397e-11 -1.954266e-12 5.902179e+02
806 -4.510127e-11 -1.011318e-10 1.574761e+03
807 -1.317126e-10 -2.124398e-10 1.884561e+03
808 -1.612971e-10 -2.714991e-10 1.432430e+03
809 0.000000e+00 0.000000e+00 0.000000e+00
810 0.000000e+00 0.000000e+00 0.000000e+00
811 0.000000e+00 0.000000e+00 0.000000e+00
812 0.000000e+00 0.000000e+00 0.000000e+00
813 0.000000e+00 0.000000e+00 0.000000e+00
814 0.000000e+00 0.000000e+00 0.000000e+00
815 0.000000e+00 0.000000e+00 0.000000e+00
816 0.000000e+00 0.000000e+00 0.000000e+00
817 0.000000e+00 0.000000e+00 0.000000e+00
818 0.000000e+00 0.000000e+00 0.000000e+00
819 0.000000e+00 0.000000e+00 0.000000e+00
820 0.000000e+00 0.000000e+00 0.000000e+00
821 0.000000e+00 0.000000e+00 0.000000e+00
822 0.000000e+00 0.000000e+00 0.000000e+00
823 0.000000e+00 0.000000e+00 0.000000e+00
824 0.000000e+00 0.000000e+00 0.000000e+00
825 0.000000e+00 0.000000e+00 0.000000e+00
826 0.000000e+00 0.000000e+00 0.000000e+00
827 0.000000e+00 0.000000e+00 0.000000e+00
828 0.000000e+00 0.000000e+00 0.000000e+00
829 0.000000e+00 0.000000e+00 0.000000e+00
830 0.000000e+00 0.000000e+00 0.000000e+00
831 0.000000e+00 0.000000e+00 0.000000e+00
832 -2.918442e+01 -1.180357e+02 3.069335e+02
833 5.927216e-01 -1.487943e+02 4.436287e+02
834 1.235540e+01 -1.276867e+02 3.824192e+02
835 1.022268e+01 -8.694197e+01 2.657815e+02
836 -1.951842e+01 -1.066026e+02 3.166307e+02
837 -6.299439e+00 -1.507618e+02 4.426741e+02
838 2.465431e+00 -1.595173e+02 4.762025e+02
839 2.998213e+01 -1.209970e+02 3.102941e+02
840 -6.430755e+01 -2.462157e+02 1.358611e+03
841 -2.964475e+01 -2.755441e+02 1.627645e+03
842 -2.167336e+00 -2.821308e+02 1.725972e+03
843 1.688477e+01 -2.766009e+02 1.664508e+03
844 4.389268e+01 -2.482576e+02 1.489522e+03
845 4.163712e+01 -2.060737e+02 1.237274e+03
846 3.166507e+01 -1.664683e+02 9.952526e+02
847 -1.758398e+01 -1.687385e+02 1.002488e+03
848 -6.096903e+01 -2.128152e+02 1.233246e+03
849 -4.271767e+01 -2.608468e+02 1.545328e+03
850 -2.552954e+01 -2.941211e+02 1.756877e+03
851 -8.411801e+00 -3.085174e+02 1.845802e+03
852 1.274582e+01 -3.057044e+02 1.845751e+03
853 3.951096e+01 -2.857094e+02 1.689751e+03
854 6.881175e+01 -2.513728e+02 1.376474e+03
855 -1.064170e+02 -3.260797e+02 3.016396e+03
856 -2.743272e+00 -3.978384e+02 3.683179e+03
857 8.864595e+01 -3.166200e+02 3.136342e+03
858 8.294370e+01 -2.247967e+02 2.141246e+03
859 -1.056064e+02 -3.288720e+02 2.839927e+03
860 -5.484477e+01 -4.084774e+02 3.787270e+03
861 2.937725e+01 -4.097076e+02 3.920575e+03
862 1.163275e+02 -3.349716e+02 3.074429e+03
863 -3.001747e+02 -2.884544e+02 2.172685e+03
864 -2.507650e+02 -3.234665e+02 3.774892e+03
865 -1.872342e+02 -3.767956e+02 5.031268e+03
866 -1.126687e+02 -4.498057e+02 5.905539e+03
867 -1.057283e+01 -5.224454e+02 6.316139e+03
868 9.662721e+01 -4.478420e+02 5.926151e+03
869 1.541175e+02 -3.623974e+02 5.109210e+03
870 1.311924e+02 -3.061085e+02 4.294903e+03
871 1.157264e+02 -2.668523e+02 3.555866e+03
872 -1.576726e+02 -4.030919e+02 4.958356e+03
873 -1.275868e+02 -4.578662e+02 5.816009e+03
874 -8.225386e+01 -5.247497e+02 6.484448e+03
875 -6.301465e+00 -5.286516e+02 6.729691e+03
876 5.745979e+01 -5.026388e+02 6.573526e+03
877 1.205332e+02 -4.543096e+02 6.062932e+03
878 1.803244e+02 -3.991566e+02 5.186683e+03
879 2.504566e+02 -3.429301e+02 3.950265e+03
880 2.937922e+02 -3.152284e+02 2.355944e+03
881 -3.269579e+02 -2.460095e+02 3.740325e+03
882 -2.609372e+02 -3.681230e+02 7.209903e+03
883 -1.816408e+02 -5.832859e+02 9.701040e+03
884 -6.394513e+01 -6.177335e+02 9.852312e+03
885 1.157209e+02 -5.590625e+02 9.657902e+03
886 2.570941e+02 -3.984776e+02 7.509024e+03
887 3.318234e+02 -2.630392e+02 4.035239e+03
888 0.000000e+00 0.000000e+00 0.000000e+00
889 -1.152885e+02 -2.927295e+01 2.946056e+02
890 -2.400848e+02 -6.769331e+01 1.310636e+03
891 -3.204291e+02 -1.143596e+02 2.933735e+03
892 -3.818523e+02 -1.772221e+02 4.954443e+03
893 -3.808449e+02 -2.537030e+02 7.175216e+03
894 -3.671560e+02 -3.639294e+02 9.358449e+03
895 -3.223486e+02 -4.713809e+02 1.130807e+04
896 -3.288656e+02 -5.816765e+02 1.323735e+04
897 -5.250697e+01 -6.816622e+02 1.364292e+04
898 4.315529e+01 -6.586429e+02 1.368699e+04
899 1.938142e+02 -6.143832e+02 1.306989e+04
900 2.787193e+02 -5.012692e+02 1.163370e+04
901 3.679951e+02 -3.847968e+02 9.796543e+03
902 3.780598e+02 -2.771078e+02 7.605440e+03
903 3.908732e+02 -1.964773e+02 5.359080e+03
904 3.452971e+02 -1.119921e+02 3.249547e+03
905 2.672665e+02 -6.948955e+01 1.466356e+03
906 1.278643e+02 -3.105952e+01 3.293982e+02
907 0.000000e+00 0.000000e+00 0.000000e+00
908 0.000000e+00 0.000000e+00 0.000000e+00
909 -2.741650e+02 -3.955700e+01 1.620851e+03
910 -4.366975e+02 -1.205660e+02 5.821638e+03
911 -4.825083e+02 -2.766000e+02 1.117924e+04
912 -3.123231e+02 -3.486345e+02 1.587999e+04
913 2.464763e+02 -4.095032e+02 1.611156e+04
914 4.737643e+02 -3.396512e+02 1.184463e+04
915 4.729389e+02 -1.277267e+02 6.300914e+03
916 2.971438e+02 -3.225172e+01 1.759415e+03
917 0.000000e+00 0.000000e+00 0.000000e+00
918 0.000000e+00 0.000000e+00 0.000000e+00
919 -1.539192e+02 -2.823104e+00 4.591156e+02
920 -2.949049e+02 -1.395154e+01 1.780154e+03
921 -3.952725e+02 -3.160930e+01 3.781549e+03
922 -4.851750e+02 -6.044252e+01 6.342030e+03
923 -5.393148e+02 -1.180806e+02 9.317480e+03
924 -5.925234e+02 -1.942190e+02 1.261072e+04
925 -4.013145e+02 -2.450600e+02 1.555681e+04
926 -9.962184e+01 -6.572261e+01 1.732622e+04
927 -3.226092e+01 -8.815704e+00 1.751614e+04
928 -1.645340e+01 -6.600340e-01 1.766862e+04
929 -1.441405e+01 5.225059e+00 1.779109e+04
930 -1.488085e+01 1.786919e+00 1.788477e+04
931 -9.705963e+00 2.886823e+00 1.795349e+04
932 -4.617900e+00 1.048860e+00 1.799502e+04
933 -4.330584e+00 5.544019e+00 1.801163e+04
934 -2.278608e+00 -1.248380e+00 1.800048e+04
935 9.773409e+00 -9.956896e+00 1.795809e+04
936 6.243308e+01 -8.701251e+01 1.788413e+04
937 3.419971e+02 -3.173785e+02 1.647787e+04
938 5.763893e+02 -3.479630e+02 1.387991e+04
939 5.964836e+02 -2.048566e+02 1.032273e+04
940 5.603324e+02 -3.322405e+01 6.809019e+03
941 4.279952e+02 -6.085398e+00 3.974232e+03
942 3.046386e+02 -4.848023e-01 1.859848e+03
943 1.612360e+02 1.625658e-01 4.766000e+02
944 0.000000e+00 0.000000e+00 0.000000e+00
945 0.000000e+00 0.000000e+00 0.000000e+00
946 -2.994926e+02 5.973748e+00 1.791000e+03
947 -5.114533e+02 1.755095e-01 6.523871e+03
948 -6.362499e+02 -4.877980e+01 1.324802e+04
949 -2.739161e+01 -1.169698e+01 1.740922e+04
950 -2.408638e+01 -5.025858e+00 1.767180e+04
951 -1.250131e+01 2.999330e+00 1.786900e+04
952 -6.564190e+00 3.070395e+00 1.797985e+04
953 3.657500e+00 -6.644701e+00 1.800565e+04
954 7.242475e+00 -1.533305e+01 1.797270e+04
955 5.208096e+02 8.008398e+01 6.576121e+03
956 2.920933e+02 3.562973e+01 1.742059e+03
957 0.000000e+00 0.000000e+00 0.000000e+00
958 0.000000e+00 0.000000e+00 0.000000e+00
959 -1.474029e+02 5.032427e+00 4.346081e+02
960 -2.881196e+02 2.189661e+01 1.720243e+03
961 -3.981611e+02 4.712030e+01 3.703540e+03
962 -5.088379e+02 7.216428e+01 6.326063e+03
963 -5.971383e+02 5.419585e+01 9.585331e+03
964 -6.577472e+02 4.373530e+01 1.324632e+04
965 -1.889125e+01 7.658921e-01 1.745997e+04
966 -2.400149e+01 -5.321145e+00 1.756767e+04
967 -1.358627e+01 3.601782e+00 1.767854e+04
968 -1.419109e+01 2.389911e+00 1.777314e+04
969 -1.327660e+01 2.976190e+00 1.785427e+04
970 -9.658890e+00 2.915130e+00 1.791835e+04
971 -6.055373e+00 2.804385e+00 1.796562e+04
972 -4.838239e+00 2.472912e+00 1.799620e+04
973 -5.131763e+00 4.373877e+00 1.801395e+04
974 3.361273e+00 -6.657074e+00 1.801631e+04
975 -9.719279e-01 1.475038e+00 1.802231e+04
976 4.839291e+02 1.550770e+02 5.864646e+03
977 3.919309e+02 1.081517e+02 3.324069e+03
978 2.481865e+02 7.958093e+01 1.420447e+03
979 1.217330e+02 2.539326e+01 3.538588e+02
980 0.000000e+00 0.000000e+00 0.000000e+00
981 0.000000e+00 0.000000e+00 0.000000e+00
982 -2.594525e+02 3.453892e+01 1.542715e+03
983 -4.457280e+02 1.130267e+02 5.730620e+03
984 -1.232877e+01 2.808784e+00 1.748002e+04
985 -1.529054e+01 3.286358e+00 1.766997e+04
986 -1.194009e+01 4.217051e+00 1.783490e+04
987 -7.331166e+00 4.167398e+00 1.794648e+04
988 -3.923076e+00 3.647479e+00 1.800560e+04
989 -6.769591e+00 3.508298e+00 1.804174e+04
990 1.601012e+02 5.363099e+01 9.733085e+02
991 0.000000e+00 0.000000e+00 0.000000e+00
992 0.000000e+00 0.000000e+00 0.000000e+00
993 -1.117149e+02 1.570590e+01 3.361965e+02
994 -2.185447e+02 4.670531e+01 1.289610e+03
995 -3.244944e+02 9.031526e+01 2.892066e+03
996 -3.921419e+02 1.403351e+02 4.965661e+03
997 -1.652819e+01 3.005466e+00 1.747253e+04
998 -1.470607e+01 4.924715e+00 1.756016e+04
999 -1.488012e+01 4.445162e+00 1.764868e+04
1000 -1.353405e+01 5.726457e+00 1.773229e+04
1001 -1.182972e+01 5.815804e+00 1.780667e+04
1002 -9.593344e+00 6.065818e+00 1.786854e+04
1003 -7.371520e+00 5.884919e+00 1.791813e+04
1004 -5.753697e+00 5.810953e+00 1.795535e+04
1005 -4.493519e+00 4.474936e+00 1.798360e+04
1006 -4.543346e+00 5.380563e+00 1.800720e+04
1007 -3.339838e+00 2.824241e+00 1.803183e+04
1008 1.037753e+02 1.483553e+01 6.904683e+02
1009 6.191770e+01 3.781455e+00 2.081536e+02
1010 0.000000e+00 0.000000e+00 0.000000e+00
1011 0.000000e+00 0.000000e+00 0.000000e+00
1012 -1.960881e+02 9.356228e-01 1.169117e+03
1013 -1.486000e+01 7.895961e+00 1.744050e+04
1014 -1.479925e+01 7.928714e+00 1.761095e+04
1015 -1.157682e+01 7.999058e+00 1.776624e+04
1016 -7.558014e+00 8.099050e+00 1.787732e+04
1017 -4.417558e+00 8.158160e+00 1.794439e+04
1018 -4.410217e+00 8.163732e+00 1.799674e+04
1019 1.339331e+02 -3.229434e+01 8.154636e+02
1020 0.000000e+00 0.000000e+00 0.000000e+00
1021 0.000000e+00 0.000000e+00 0.000000e+00
1022 -1.106449e+02 -1.524329e+01 3.336427e+02
1023 -2.160190e+02 -4.514973e+01 1.277003e+03
1024 -3.195415e+02 -8.892871e+01 2.856035e+03
1025 -3.857730e+02 -1.381162e+02 4.896944e+03
1026 -1.618791e+01 1.278732e+01 1.738180e+04
1027 -1.466983e+01 1.083165e+01 1.746882e+04
1028 -1.474516e+01 1.141454e+01 1.755679e+04
1029 -1.343799e+01 1.020996e+01 1.763989e+04
1030 -1.174933e+01 1.017932e+01 1.771383e+04
1031 -9.523745e+00 1.002371e+01 1.777524e+04
1032 -7.295640e+00 1.029697e+01 1.782432e+04
1033 -5.582278e+00 1.044775e+01 1.786087e+04
1034 -4.245073e+00 1.182768e+01 1.788823e+04
1035 -4.462828e+00 1.129112e+01 1.791072e+04
1036 -2.682845e+00 1.340581e+01 1.793419e+04
1037 3.974242e+02 -1.667105e+02 4.771711e+03
1038 3.204195e+02 -1.148322e+02 2.693533e+03
1039 2.005919e+02 -7.162661e+01 1.141636e+03
1040 9.814452e+01 -2.118608e+01 2.883288e+02
1041 0.000000e+00 0.000000e+00 0.000000e+00
1042 0.000000e+00 0.000000e+00 0.000000e+00
1043 -2.565054e+02 -3.439025e+01 1.525892e+03
1044 -4.383904e+02 -1.123479e+02 5.652804e+03
1045 -1.235254e+01 1.291928e+01 1.729859e+04
1046 -1.516031e+01 1.253957e+01 1.748614e+04
1047 -1.179536e+01 1.180578e+01 1.764926e+04
1048 -7.119514e+00 1.193263e+01 1.775904e+04
1049 -3.747440e+00 1.296526e+01 1.781523e+04
1050 -6.710823e+00 1.349610e+01 1.784661e+04
1051 4.503441e+02 -1.352459e+02 5.675547e+03
1052 2.531728e+02 -4.875805e+01 1.493311e+03
1053 0.000000e+00 0.000000e+00 0.000000e+00
1054 0.000000e+00 0.000000e+00 0.000000e+00
1055 -1.461606e+02 -5.322253e+00 4.314203e+02
1056 -2.856295e+02 -2.297155e+01 1.705701e+03
1057 -3.928672e+02 -4.866243e+01 3.667016e+03
1058 -5.002246e+02 -7.386820e+01 6.249809e+03
1059 -5.838585e+02 -5.769582e+01 9.442492e+03
1060 -6.422990e+02 -4.588594e+01 1.301948e+04
1061 -1.849854e+01 1.495353e+01 1.718786e+04
1062 -2.318726e+01 2.117568e+01 1.729368e+04
1063 -1.365233e+01 1.222587e+01 1.740269e+04
1064 -1.408334e+01 1.352863e+01 1.749594e+04
1065 -1.303527e+01 1.305012e+01 1.757589e+04
1066 -9.372282e+00 1.307320e+01 1.763884e+04
1067 -5.705822e+00 1.320871e+01 1.768484e+04
1068 -4.748021e+00 1.382983e+01 1.771376e+04
1069 -5.308761e+00 1.259713e+01 1.772922e+04
1070 4.878957e+00 2.191416e+01 1.772839e+04
1071 -1.640147e-01 1.553215e+01 1.773088e+04
1072 6.685296e+02 -5.556990e+01 1.340876e+04
1073 6.060442e+02 -6.968263e+01 9.689748e+03
1074 5.166245e+02 -8.772589e+01 6.380672e+03
1075 4.017374e+02 -6.014307e+01 3.727077e+03
1076 2.893767e+02 -2.826030e+01 1.729500e+03
1077 1.486297e+02 -7.654111e+00 4.344482e+02
1078 0.000000e+00 0.000000e+00 0.000000e+00
1079 0.000000e+00 0.000000e+00 0.000000e+00
1080 -2.983754e+02 -7.987870e+00 1.785707e+03
1081 -5.036031e+02 -5.725845e+00 6.468661e+03
1082 -6.181078e+02 4.336504e+01 1.304178e+04
1083 -2.660233e+01 2.781465e+01 1.704706e+04
1084 -2.331217e+01 2.096684e+01 1.730400e+04
1085 -1.227902e+01 1.293143e+01 1.749793e+04
1086 -6.388690e+00 1.306372e+01 1.760604e+04
1087 5.078143e+00 2.157717e+01 1.762755e+04
1088 8.447006e+00 2.864375e+01 1.758412e+04
1089 6.417220e+02 3.894549e+01 1.347296e+04
1090 5.205196e+02 -1.289975e+01 6.661335e+03
1091 3.065127e+02 -1.121661e+01 1.836166e+03
1092 0.000000e+00 0.000000e+00 0.000000e+00
1093 0.000000e+00 0.000000e+00 0.000000e+00
1094 -1.547333e+02 1.950582e+00 4.621085e+02
1095 -2.960950e+02 1.097835e+01 1.789006e+03
1096 -3.932187e+02 2.574922e+01 3.789122e+03
1097 -4.791861e+02 5.146726e+01 6.327953e+03
1098 -5.267912e+02 1.082841e+02 9.250182e+03
1099 -5.708273e+02 1.836274e+02 1.244490e+04
1100 -3.726124e+02 2.316923e+02 1.523221e+04
1101 -9.181730e+01 8.294061e+01 1.687331e+04
1102 -3.075382e+01 2.454448e+01 1.705865e+04
1103 -1.637265e+01 1.656524e+01 1.720872e+04
1104 -1.435747e+01 1.076364e+01 1.732899e+04
1105 -1.453224e+01 1.426963e+01 1.742110e+04
1106 -9.292018e+00 1.304346e+01 1.748832e+04
1107 -4.013612e+00 1.447975e+01 1.752828e+04
1108 -4.385189e+00 1.097329e+01 1.754329e+04
1109 -2.351082e+00 1.703634e+01 1.752949e+04
1110 1.303749e+01 2.541665e+01 1.748519e+04
1111 7.861395e+01 8.510777e+01 1.740369e+04
1112 3.801841e+02 2.401925e+02 1.575842e+04
1113 5.922049e+02 1.879265e+02 1.288084e+04
1114 5.455049e+02 1.085582e+02 9.570314e+03
1115 4.952581e+02 4.946824e+01 6.546215e+03
1116 4.067183e+02 2.382616e+01 3.921883e+03
1117 3.063797e+02 9.770954e+00 1.852286e+03
1118 1.600918e+02 1.685435e+00 4.790083e+02
1119 0.000000e+00 0.000000e+00 0.000000e+00
1120 0.000000e+00 0.000000e+00 0.000000e+00
1121 -2.782710e+02 3.569621e+01 1.649757e+03
1122 -4.338509e+02 1.110425e+02 5.860950e+03
1123 -4.638901e+02 2.587825e+02 1.109888e+04
1124 -2.539581e+02 3.502503e+02 1.535504e+04
1125 2.539863e+02 3.597558e+02 1.584618e+04
1126 4.791382e+02 2.669126e+02 1.149578e+04
1127 4.487626e+02 1.124421e+02 6.081165e+03
1128 2.892406e+02 3.570943e+01 1.715854e+03
1129 0.000000e+00 0.000000e+00 0.000000e+00
1130 0.000000e+00 0.000000e+00 0.000000e+00
1131 -1.198323e+02 2.793120e+01 3.107625e+02
1132 -2.474560e+02 6.339263e+01 1.363807e+03
1133 -3.242731e+02 1.060352e+02 3.021993e+03
1134 -3.809654e+02 1.659270e+02 5.056032e+03
1135 -3.735144e+02 2.398410e+02 7.252384e+03
1136 -3.553109e+02 3.450635e+02 9.372443e+03
1137 -2.800300e+02 4.512843e+02 1.119028e+04
1138 -2.237174e+02 5.542499e+02 1.271668e+04
1139 -1.116197e+02 6.166089e+02 1.363711e+04
1140 -3.954086e+01 6.420545e+02 1.406896e+04
1141 3.961390e+01 6.616396e+02 1.451167e+04
1142 1.133154e+02 6.354942e+02 1.407492e+04
1143 2.280220e+02 5.708692e+02 1.313738e+04
1144 2.862174e+02 4.661231e+02 1.157807e+04
1145 3.656872e+02 3.565750e+02 9.713678e+03
1146 3.855841e+02 2.470237e+02 7.528363e+03
1147 3.940604e+02 1.703518e+02 5.258448e+03
1148 3.365492e+02 1.084383e+02 3.151095e+03
1149 2.580952e+02 6.457720e+01 1.426473e+03
1150 1.252966e+02 2.865668e+01 3.256579e+02
1151 0.000000e+00 0.000000e+00 0.000000e+00
1152 -3.220763e+02 2.317667e+02 3.917216e+03
1153 -2.492589e+02 3.673667e+02 7.297314e+03
1154 -1.424435e+02 5.348930e+02 9.532264e+03
1155 -2.011236e+01 6.214485e+02 1.038481e+04
1156 1.941993e+01 6.406750e+02 1.071406e+04
1157 1.450763e+02 5.519048e+02 9.853046e+03
1158 2.557796e+02 3.798479e+02 7.568620e+03
1159 3.323945e+02 2.388058e+02 4.088232e+03
1160 -2.858553e+02 2.785603e+02 2.434112e+03
1161 -2.370524e+02 3.172849e+02 3.951824e+03
1162 -1.706963e+02 3.798035e+02 5.121950e+03
1163 -1.223927e+02 4.411912e+02 5.971342e+03
1164 -6.803543e+01 5.028434e+02 6.518475e+03
1165 -2.817758e+01 5.534816e+02 6.805454e+03
1166 1.262976e+01 5.963632e+02 6.853718e+03
1167 -1.407026e+01 6.152553e+02 7.072286e+03
1168 2.776079e+01 5.712624e+02 7.029405e+03
1169 6.869023e+01 5.195707e+02 6.741271e+03
1170 1.248103e+02 4.562443e+02 6.184965e+03
1171 1.742771e+02 3.931723e+02 5.318232e+03
1172 2.433477e+02 3.280903e+02 4.120010e+03
1173 2.944020e+02 2.871840e+02 2.559467e+03
1174 -1.087725e+02 3.295434e+02 3.079044e+03
1175 -2.776366e+01 4.037414e+02 3.881578e+03
1176 5.158629e+01 4.568488e+02 3.739641e+03
1177 -5.394074e+01 4.714312e+02 3.859679e+03
1178 2.767570e+01 4.174303e+02 4.016004e+03
1179 1.109122e+02 3.417819e+02 3.200797e+03
1180 -6.751148e+01 2.533854e+02 1.380205e+03
1181 -3.767244e+01 2.847264e+02 1.685356e+03
1182 -1.122105e+01 3.018586e+02 1.825582e+03
1183 2.548530e+01 2.985471e+02 1.781316e+03
1184 6.933551e+01 2.735961e+02 1.531504e+03
1185 7.186956e+01 1.687253e+02 1.022227e+03
1186 5.379059e+01 8.769921e+01 5.792544e+02
1187 -1.185126e+00 7.109393e+01 4.700463e+02
1188 -5.628252e+01 8.980783e+01 5.932393e+02
1189 -7.459849e+01 1.739263e+02 1.053622e+03
1190 -7.185063e+01 2.824014e+02 1.581037e+03
1191 -2.670951e+01 3.085443e+02 1.841034e+03
1192 1.106610e+01 3.123742e+02 1.889370e+03
1193 3.825054e+01 2.951984e+02 1.747956e+03
1194 6.906670e+01 2.633802e+02 1.436715e+03
1195 -2.962072e+01 1.208253e+02 3.093010e+02
1196 -2.746822e+00 1.594355e+02 4.692176e+02
1197 2.281265e+01 1.328435e+02 3.718682e+02
1198 1.258406e+01 5.169368e+01 1.755396e+02
1199 -1.329432e+01 5.297509e+01 1.794761e+02
1200 -2.362868e+01 1.371270e+02 3.839705e+02
1201 2.691597e+00 1.650008e+02 4.856853e+02
1202 3.040246e+01 1.257506e+02 3.226632e+02
1203 0.000000e+00 0.000000e+00 0.000000e+00
1204 0.000000e+00 0.000000e+00 0.000000e+00
1205 0.000000e+00 0.000000e+00 0.000000e+00
1206 0.000000e+00 0.000000e+00 0.000000e+00
1207 0.000000e+00 0.000000e+00 0.000000e+00
1208 0.000000e+00 0.000000e+00 0.000000e+00
1209 0.000000e+00 0.000000e+00 0.000000e+00
1210 0.000000e+00 0.000000e+00 0.000000e+00
1211 0.000000e+00 0.000000e+00 0.000000e+00
1212 0.000000e+00 0.000000e+00 0.000000e+00
1213 0.000000e+00 0.000000e+00 0.000000e+00
1214 0.000000e+00 0.000000e+00 0.000000e+00
1215 0.000000e+00 0.000000e+00 0.000000e+00
1216 0.000000e+00 0.000000e+00 0.000000e+00
1217 0.000000e+00 0.000000e+00 0.000000e+00
1218 -9.306941e+01 -4.633862e+01 1.732774e+04
1219 -3.610719e+01 -1.006280e+00 1.766936e+04
1220 -2.559004e+01 5.989015e+00 1.788497e+04
1221 -1.120080e+01 5.452601e+00 1.799510e+04
1222 -4.341832e-01 -1.851612e+00 1.800108e+04
1223 4.172757e+01 -6.298326e+01 1.788561e+04
1224 -3.558651e+01 -2.497767e+00 1.746057e+04
1225 -3.136226e+01 2.358257e+00 1.767695e+04
1226 -2.442040e+01 5.686168e+00 1.785404e+04
1227 -1.235992e+01 5.529129e+00 1.796540e+04
1228 -5.336306e+00 2.611769e+00 1.801233e+04
1229 -2.047836e+00 -2.129622e+00 1.802310e+04
1230 -2.833843e+01 8.085225e+00 1.747263e+04
1231 -2.828693e+01 9.267654e+00 1.764846e+04
1232 -2.242548e+01 1.128471e+01 1.780632e+04
1233 -1.425795e+01 1.138894e+01 1.791777e+04
1234 -8.594215e+00 9.535152e+00 1.798337e+04
1235 -8.938063e+00 8.404551e+00 1.803205e+04
1236 -2.803031e+01 2.203575e+01 1.738193e+04
1237 -2.808904e+01 2.100031e+01 1.755656e+04
1238 -2.227830e+01 1.927414e+01 1.771347e+04
1239 -1.408271e+01 1.949517e+01 1.782396e+04
1240 -8.244099e+00 2.173059e+01 1.788800e+04
1241 -8.290815e+00 2.305918e+01 1.793429e+04
1242 -3.489745e+01 3.253587e+01 1.718846e+04
1243 -3.102696e+01 2.790368e+01 1.740116e+04
1244 -2.399997e+01 2.485932e+01 1.757565e+04
1245 -1.182403e+01 2.514589e+01 1.768461e+04
1246 -4.827457e+00 2.875693e+01 1.772762e+04
1247 -7.430519e-01 3.378844e+01 1.773151e+04
1248 -8.698897e+01 7.805286e+01 1.687486e+04
1249 -3.559940e+01 3.134697e+01 1.720938e+04
1250 -2.507122e+01 2.458277e+01 1.742124e+04
1251 -1.046303e+01 2.488253e+01 1.752846e+04
1252 1.277268e-01 3.227106e+01 1.753021e+04
1253 5.538544e+01 8.008683e+01 1.740529e+04
1254 -9.083770e+01 -3.110048e+01 1.733143e+04
1255 -7.488808e+01 -1.656172e+01 1.751172e+04
1256 -5.461922e+01 -1.833817e-01 1.766943e+04
1257 -4.710435e+01 6.781287e+00 1.778950e+04
1258 -3.682659e+01 9.926794e+00 1.788514e+04
1259 -2.701722e+01 1.073414e+01 1.795327e+04
1260 -1.724959e+01 9.573232e+00 1.799516e+04
1261 -7.149921e+00 6.009855e+00 1.801022e+04
1262 4.152125e-01 -1.192316e+00 1.800100e+04
1263 1.604933e+01 -1.848614e+01 1.795489e+04
1264 2.523094e+01 -4.340943e+01 1.788933e+04
1265 -6.803411e+01 -2.094725e+01 1.740588e+04
1266 -5.615133e+01 -1.923649e+00 1.767339e+04
1267 -3.722861e+01 8.044460e+00 1.786803e+04
1268 -1.676105e+01 7.815120e+00 1.797888e+04
1269 1.232765e+00 -2.814915e+00 1.800705e+04
1270 1.211604e+01 -2.596285e+01 1.796796e+04
1271 -5.105905e+01 -4.769051e+00 1.746051e+04
1272 -5.267080e+01 -5.681056e+00 1.756907e+04
1273 -4.953047e+01 7.681240e-01 1.767525e+04
1274 -4.285639e+01 5.467138e+00 1.777190e+04
1275 -3.541965e+01 8.421113e+00 1.785358e+04
1276 -2.708090e+01 9.360418e+00 1.791789e+04
1277 -1.880582e+01 8.291163e+00 1.796495e+04
1278 -1.146819e+01 5.231403e+00 1.799488e+04
1279 -5.192970e+00 4.396886e-01 1.801060e+04
1280 -2.529552e+00 -6.231930e+00 1.801798e+04
1281 -4.312660e+00 -4.527180e+00 1.802322e+04
1282 -4.392972e+01 2.678668e+00 1.747861e+04
1283 -4.473947e+01 7.006843e+00 1.766868e+04
1284 -3.389441e+01 1.168237e+01 1.783396e+04
1285 -2.037684e+01 1.164661e+01 1.794553e+04
1286 -9.849988e+00 7.241739e+00 1.800437e+04
1287 -1.124992e+01 3.043782e+00 1.804009e+04
1288 -4.042599e+01 1.264647e+01 1.747272e+04
1289 -4.216241e+01 1.219409e+01 1.755919e+04
1290 -4.166112e+01 1.422782e+01 1.764802e+04
1291 -3.828010e+01 1.586003e+01 1.773135e+04
1292 -3.306290e+01 1.671590e+01 1.780574e+04
1293 -2.706582e+01 1.704748e+01 1.786758e+04
1294 -2.110575e+01 1.685229e+01 1.791719e+04
1295 -1.601295e+01 1.615490e+01 1.795441e+04
1296 -1.272304e+01 1.474452e+01 1.798291e+04
1297 -1.235016e+01 1.304924e+01 1.800622e+04
1298 -1.426278e+01 1.345136e+01 1.803224e+04
1299 -3.928931e+01 2.221316e+01 1.744026e+04
1300 -4.055238e+01 2.234294e+01 1.761049e+04
1301 -3.270351e+01 2.256317e+01 1.776530e+04
1302 -2.126198e+01 2.281324e+01 1.787637e+04
1303 -1.352741e+01 2.315637e+01 1.794392e+04
1304 -1.493041e+01 2.337577e+01 1.799653e+04
1305 -4.012946e+01 3.178500e+01 1.738201e+04
1306 -4.189278e+01 3.223213e+01 1.746787e+04
1307 -4.140839e+01 3.045246e+01 1.755611e+04
1308 -3.804066e+01 2.905153e+01 1.763895e+04
1309 -3.284678e+01 2.840645e+01 1.771289e+04
1310 -2.683892e+01 2.829281e+01 1.777430e+04
1311 -2.083134e+01 2.873406e+01 1.782338e+04
1312 -1.562278e+01 2.971706e+01 1.785992e+04
1313 -1.227542e+01 3.149080e+01 1.788754e+04
1314 -1.182410e+01 3.369783e+01 1.790976e+04
1315 -1.362676e+01 3.325617e+01 1.793437e+04
1316 -4.332689e+01 4.173124e+01 1.729717e+04
1317 -4.422783e+01 3.766326e+01 1.748489e+04
1318 -3.347760e+01 3.342521e+01 1.764832e+04
1319 -1.983723e+01 3.380261e+01 1.775809e+04
1320 -8.994810e+00 3.887761e+01 1.781394e+04
1321 -9.939745e+00 4.344284e+01 1.784513e+04
1322 -5.014326e+01 4.913563e+01 1.718843e+04
1323 -5.174917e+01 5.017201e+01 1.729506e+04
1324 -4.876705e+01 4.392651e+01 1.739951e+04
1325 -4.224434e+01 3.942481e+01 1.749471e+04
1326 -3.482782e+01 3.664369e+01 1.757519e+04
1327 -2.647529e+01 3.584305e+01 1.763837e+04
1328 -1.808777e+01 3.705341e+01 1.768416e+04
1329 -1.062203e+01 4.029121e+01 1.771251e+04
1330 -3.961946e+00 4.527310e+01 1.772590e+04
1331 -8.792921e-01 5.201614e+01 1.772983e+04
1332 -2.539972e+00 5.103193e+01 1.773147e+04
1333 -6.644423e+01 6.590467e+01 1.704360e+04
1334 -5.508800e+01 4.667686e+01 1.730547e+04
1335 -3.654438e+01 3.700972e+01 1.749699e+04
1336 -1.599463e+01 3.742942e+01 1.760507e+04
1337 2.906648e+00 4.806210e+01 1.762913e+04
1338 1.474406e+01 6.807900e+01 1.758060e+04
1339 -8.625669e+01 7.718285e+01 1.687847e+04
1340 -7.239208e+01 6.104263e+01 1.705470e+04
1341 -5.377831e+01 4.499899e+01 1.720942e+04
1342 -4.628451e+01 3.822154e+01 1.732747e+04
1343 -3.612137e+01 3.514950e+01 1.742135e+04
1344 -2.625964e+01 3.438844e+01 1.748811e+04
1345 -1.637531e+01 3.555905e+01 1.752861e+04
1346 -6.080629e+00 3.902851e+01 1.754170e+04
1347 1.494492e+00 4.632075e+01 1.753026e+04
1348 2.131998e+01 6.320055e+01 1.748093e+04
1349 3.647390e+01 7.926671e+01 1.740907e+04
1350 -1.116746e+02 -3.629446e+01 1.733183e+04
1351 -7.568403e+01 -8.609978e-01 1.766854e+04
1352 -4.945502e+01 1.310794e+01 1.788453e+04
1353 -2.201878e+01 1.265196e+01 1.799455e+04
1354 3.659586e+00 -2.176295e+00 1.800016e+04
1355 2.910896e+01 -4.796790e+01 1.788972e+04
1356 -6.812710e+01 -9.436188e+00 1.745967e+04
1357 -6.559627e+01 9.665681e-01 1.767448e+04
1358 -4.688620e+01 1.094934e+01 1.785289e+04
1359 -2.480241e+01 1.076902e+01 1.796425e+04
1360 -6.828507e+00 4.920470e-01 1.800982e+04
1361 -5.067793e+00 -9.543122e+00 1.802230e+04
1362 -5.347906e+01 1.593957e+01 1.747213e+04
1363 -5.530019e+01 1.875911e+01 1.764733e+04
1364 -4.378533e+01 2.206006e+01 1.780491e+04
1365 -2.786786e+01 2.223586e+01 1.791635e+04
1366 -1.663756e+01 1.946986e+01 1.798222e+04
1367 -1.884526e+01 1.706186e+01 1.803162e+04
1368 -5.309904e+01 4.277444e+01 1.738142e+04
1369 -5.496266e+01 4.033318e+01 1.755542e+04
1370 -4.349936e+01 3.762445e+01 1.771206e+04
1371 -2.750039e+01 3.805443e+01 1.782254e+04
1372 -1.604295e+01 4.172296e+01 1.788684e+04
1373 -1.800613e+01 4.479689e+01 1.793376e+04
1374 -6.690596e+01 6.808881e+01 1.718760e+04
1375 -6.458147e+01 5.816202e+01 1.739875e+04
1376 -4.612216e+01 4.865307e+01 1.757450e+04
1377 -2.387708e+01 4.919939e+01 1.768346e+04
1378 -5.159877e+00 5.993560e+01 1.772512e+04
1379 -2.756831e+00 7.073368e+01 1.773062e+04
1380 -1.069714e+02 9.658427e+01 1.687887e+04
1381 -7.437318e+01 6.010788e+01 1.720856e+04
1382 -4.848961e+01 4.651574e+01 1.742074e+04
1383 -2.087223e+01 4.704465e+01 1.752800e+04
1384 5.430377e+00 6.188657e+01 1.752937e+04
1385 4.036278e+01 9.944828e+01 1.740948e+04
1386 -1.359035e+02 -4.463403e+01 1.733200e+04
1387 -1.216837e+02 -2.718958e+01 1.750958e+04
1388 -9.696227e+01 -1.003363e+00 1.766749e+04
1389 -7.922415e+01 1.020278e+01 1.778840e+04
1390 -6.242681e+01 1.612960e+01 1.788373e+04
1391 -4.431162e+01 1.773338e+01 1.795218e+04
1392 -2.643851e+01 1.553622e+01 1.799376e+04
1393 -9.909664e+00 8.936304e+00 1.800914e+04
1394 7.309669e+00 -2.550232e+00 1.799918e+04
1395 2.733708e+01 -3.029109e+01 1.795336e+04
1396 3.613459e+01 -5.602455e+01 1.788990e+04
1397 -1.118431e+02 -3.503002e+01 1.740427e+04
1398 -9.354247e+01 -2.754588e+00 1.767194e+04
1399 -6.148439e+01 1.303439e+01 1.786638e+04
1400 -2.739305e+01 1.259887e+01 1.797726e+04
1401 3.448117e+00 -3.983275e+00 1.800561e+04
1402 1.985666e+01 -4.065417e+01 1.796567e+04
1403 -8.460689e+01 -1.448074e+01 1.745869e+04
1404 -8.606654e+01 -1.070315e+01 1.756765e+04
1405 -8.164514e+01 1.236403e+00 1.767348e+04
1406 -7.099793e+01 8.857217e+00 1.777014e+04
1407 -5.830768e+01 1.335921e+01 1.785199e+04
1408 -4.454525e+01 1.478984e+01 1.791624e+04
1409 -3.083511e+01 1.314294e+01 1.796334e+04
1410 -1.850959e+01 8.394750e+00 1.799311e+04
1411 -8.545466e+00 5.504167e-01 1.800881e+04
1412 -4.549350e+00 -1.137652e+01 1.801650e+04
1413 -6.357654e+00 -1.472733e+01 1.802122e+04
1414 -7.320920e+01 2.578699e+00 1.747754e+04
1415 -7.381769e+01 1.115479e+01 1.766694e+04
1416 -5.591703e+01 1.921492e+01 1.783224e+04
1417 -3.334876e+01 1.918010e+01 1.794379e+04
1418 -1.608498e+01 1.140031e+01 1.800259e+04
1419 -1.752919e+01 3.325368e+00 1.803897e+04
1420 -6.671631e+01 1.889277e+01 1.747136e+04
1421 -6.961329e+01 1.986806e+01 1.755759e+04
1422 -6.904992e+01 2.332658e+01 1.764644e+04
1423 -6.297768e+01 2.592798e+01 1.772963e+04
1424 -5.452611e+01 2.739258e+01 1.780384e+04
1425 -4.454118e+01 2.796238e+01 1.786571e+04
1426 -3.461971e+01 2.760207e+01 1.791528e+04
1427 -2.634475e+01 2.643932e+01 1.795267e+04
1428 -2.043353e+01 2.424641e+01 1.798132e+04
1429 -2.012296e+01 2.123417e+01 1.800455e+04
1430 -2.326709e+01 2.032792e+01 1.803081e+04
1431 -6.458863e+01 3.647856e+01 1.743919e+04
1432 -6.732909e+01 3.675772e+01 1.760886e+04
1433 -5.390568e+01 3.712660e+01 1.776343e+04
1434 -3.490195e+01 3.753132e+01 1.787449e+04
1435 -2.164189e+01 3.811366e+01 1.794226e+04
1436 -2.464628e+01 3.864757e+01 1.799544e+04
1437 -6.623908e+01 5.408447e+01 1.738065e+04
1438 -6.915539e+01 5.322425e+01 1.746628e+04
1439 -6.862941e+01 5.018038e+01 1.755453e+04
1440 -6.259466e+01 4.796539e+01 1.763724e+04
1441 -5.417089e+01 4.685618e+01 1.771100e+04
1442 -4.416518e+01 4.663406e+01 1.777243e+04
1443 -3.415317e+01 4.739131e+01 1.782147e+04
1444 -2.572194e+01 4.906937e+01 1.785818e+04
1445 -1.970401e+01 5.191232e+01 1.788593e+04
1446 -1.921073e+01 5.565595e+01 1.790813e+04
1447 -2.219818e+01 5.671422e+01 1.793296e+04
1448 -7.219819e+01 7.038916e+01 1.729610e+04
1449 -7.297169e+01 6.236041e+01 1.748316e+04
1450 -5.524657e+01 5.499347e+01 1.764660e+04
1451 -3.249103e+01 5.561211e+01 1.775636e+04
1452 -1.460772e+01 6.436407e+01 1.781217e+04
1453 -1.540101e+01 7.339742e+01 1.784404e+04
1454 -8.311438e+01 8.737103e+01 1.718662e+04
1455 -8.463120e+01 8.382392e+01 1.729366e+04
1456 -8.037120e+01 7.234715e+01 1.739777e+04
1457 -6.995048e+01 6.502700e+01 1.749297e+04
1458 -5.737592e+01 6.077307e+01 1.757361e+04
1459 -4.356446e+01 5.957922e+01 1.763673e+04
1460 -2.971943e+01 6.146040e+01 1.768256e+04
1461 -1.700679e+01 6.643915e+01 1.771074e+04
1462 -6.385920e+00 7.453504e+01 1.772411e+04
1463 -2.014356e+00 8.693887e+01 1.772839e+04
1464 -3.564308e+00 9.080566e+01 1.772961e+04
1465 -1.092771e+02 1.085207e+02 1.704189e+04
1466 -9.183350e+01 7.636064e+01 1.730404e+04
1467 -6.034490e+01 6.110547e+01 1.749536e+04
1468 -2.607334e+01 6.179224e+01 1.760342e+04
1469 5.994034e+00 7.863241e+01 1.762767e+04
1470 2.419171e+01 1.123452e+02 1.757888e+04
1471 -1.309101e+02 1.190989e+02 1.687905e+04
1472 -1.182675e+02 1.004034e+02 1.705276e+04
1473 -9.522450e+01 7.468485e+01 1.720755e+04
1474 -7.785427e+01 6.381198e+01 1.732638e+04
1475 -6.119708e+01 5.804673e+01 1.741995e+04
1476 -4.314150e+01 5.649963e+01 1.748702e+04
1477 -2.499486e+01 5.870249e+01 1.752720e+04
1478 -8.157530e+00 6.517239e+01 1.754059e+04
1479 9.623473e+00 7.689693e+01 1.752832e+04
1480 3.398253e+01 1.039349e+02 1.747885e+04
1481 4.765477e+01 1.228657e+02 1.740966e+04
